$ANSIBLE_VAULT;1.1;AES256
37383235383532353333616164306265333164643435316232393531346566623664383737653565
3231656438616635303633656135366230656138333066650a623936656362323538646465313964
30366263616334313362383138373033643264643266366361663164323031636138353930366630
3131336533363336320a616430626333373934333036663231383362633562316433303565383262
34653636666637316237316464343333663638643432333631656631346662623562353562353761
34623731346562333438313537376538616362623065633666353962623735353838326463656238
64633461646535653131636333373537323033346465373364306463386633666565623939396639
62633534623438313634643236666138636439336131326464653138383537363438666331663438
31303634343232356563656333326263666464396133613337386531663132653665326531316336
63373762643631313037663635633339666439383137393362326535656432626237393666346563
34643734373333643564646334306463666131613836383932633830376261346663643336616432
66663163623931633539333431653962343562623164383135343566376432623461626365643366
31653265643765656666663731306132373139306365363039616366393535386536643237356639
33626232626635646631646233353234303561313066633662626438623862363239626538363939
64663839393637316462616437313237326365303935353335636438306266346366623530343564
66666430623866666130623634346135653633306263313230336532663062623739666635393734
38396365393435323765646465333439626433656137626562323337393531313739326666393839
66316665303065346637393433386630333461336432353263396466383261633365363862396665
62633132333930666262306566363161623163366364363866343436353039383338653265306662
30383837666266353361613630643637346135666638623965623035336163336566346530323762
62363762383464396535643131396534626237303962633936333163626338363663626332623162
63333931636561303430313464666337323432623665643265363731623634373936393430346366
38366238363864646362373564646366363633663761336539633963393065343735316538306362
64636632333838393730373530376464333662363333616264353863633766626235396266393131
38613539313030623435343233356539363138316566326464346534616561346132373532346532
37303063393337633732376266326461303564313033386365333862373530323838323163396262
33643864653136346361323963343138376239636235626434656533326564373965343436353530
31663433326432393262663038336561636162623134393034613864393931373638626232636531
64336334333162663661313733383730623063373965333731653462373036303532613734623464
66373739356633653237316234643239373763396330326430313733373266343430316137326537
37383361346235616630616335346164373432656566383639666466343339383436313262353130
34613730653839613430636532373761303465626234666632373338363736663965396630643134
65333236626365613163626261356437626635333836636364343130663836336365343033343635
64353730613665316465633837386666303534643333393163353233386466383830366466613633
32323035623137613738623730373339343234626531636236316564396263376333326466346463
31363739313765633663396262326437323430346539326439656136323865333464333864663430
34353838393534636435633931346237656130346238313236663865376163663731626533303734
32316265343362643161653062656363363234336636343335383063636131646361303766356132
61623530653261653832636530313363313265653135313864303030306637343232336566353163
32613236383538363330616664356134306333626662353762643239333832333866636431363632
34343937313266373836656338663331333730363539343961383965613639306363393937313865
38643430623439333037303037353161393636386639323863363662393339306332396463636632
33373363633235383265396465623862363864303637376234383664346163306236616662636163
65363362306565343966656361616263346632313933343837656630363834376361353061386362
33616432326261376534343435373834326663376231326235633935313137376432623966353734
61366662656463616238373331636363323635383434356364316563336330333738373332333364
39313233643264316239626362356430643762643630363964393030646536363861613238316339
39303664333237383264303531373765303637393433653031653136383033323061623362306435
62643339646635383664393463323663653037616532623131303738376563313139393731623164
38343266643437386433646463303735636266356531323234613365323665636361613333333438
34376133373866616364316530373635626264626639313234653836366232626134346166353535
61626430316438373262653135333238383762306436316161353164323538646362323564333261
66613937383839613138376532383831336638633630356565323132363466626537663533376564
31373737346464303265336562393230333135373435653062316430613733356139353463306564
35663364653830393535313633613331333165663231393335343634663465653130343736316339
62663261346533376266653866626132666464316131323139366334643432333436323231643661
39623731623432363136373364626635313965356534366163653762356666313663643837616635
37653835643933623930366564356362386534653263373634303661626639323134346562356634
34396337636661363338656261626437663864663631663363623138386366363836633633333063
30303166653837656439376139333666666134356435373033666434663938633739623334386465
61646438346533366564383363316637313239636662373361363931356366316636396135306664
62646132363334383030623464643138343136366463633363323732656633313365326562396430
38656434663035633135626333663963356139623534643234376130303638303436316663303864
61636136383434366139626266353230356262656262666631646532316661653839346634333033
37626134626234653561346438623064376232633564376631636565336435633761303933303963
63333061336137623936636134613663333830366464393233623236303137303732343364313432
39366337643033393633336135616434363135633836333366663464653161333365313031633532
38613761313339363439643835366261356361643134363034333936666532636237376564376265
36623337346430363261323436346538316265313036396534623233303938396162303538393230
30326138613536303536366233646634613761366132326465303261363961656161623436333439
32306466663637623361643835633137383233623339383366326435303366633531383534343764
64313630353035343862376337313365333133313562666465343165653066353531666639613539
34623962666330613535666532663866643063666434643965656438353365666133343631363639
37623833373237663533336534666431383361383731633832346166366330636466623932623430
65323734373035343763663032643035343234303938316636653138313934366337326665343330
34653133633137353034313835366233313635323161383736656332336533383531633032663164
36363865303939383637366435616162353533326434653231303233323865643937663162356465
36643139323638623336313330656434303165363564353264613663386666343233396538313536
34333238313439343166643537613535643339663230323662336533623335313765373937316538
66626163623530313531373031363434653939316265626233306231626166393963353932623262
33336361353363303430396538343035343339326537303965336661633263313364333966376463
30663161613333373434363631303835353863353362393739313932323538656266323139313236
37396536383239663733653263306264653062366538313461636237336237336539643037323330
38383164643261323964623432643234336364613764616365613061653439376534623237633238
31336464643737643866343135366333626532383831353161333537623239346564643431653963
34623562303732636436613431383731333833313331383238373035393533303930626566326430
34363731383164646130633564313537623139343736613033656237633830633939323233356163
30333866386232646533383966373231613265626164323431613939313336383534396631653666
32623736363739373033373730666661623833373734373365646238303332373837613766303165
33396463653134613439623465623830356562303333393361623762343661326439663664626262
64393939623931303562363530653239363466386331653738633730653639366335313236356435
38323535343963383731653765613162616361353066313334656537356264356666313631316164
36646165343362656164326662373930623138636563623863353231646261393264326630303331
32303136636664366664393231376535333330383762336531653938653830356434353165336162
33313263666634373835643032613165356336646662343131353833643434353132363462626364
61623237333933666431343536396162613764353731663061383737656435363234356535353161
64363030323663626135363238353039323430383362313230383234393234313639343437626432
64316333353364396137393331656239633037363865386439393939303364313337323233383266
63336533393431393865323065633365376435373338373465633663326436643733353963663861
36316531396137313261636634636262373964636230623030346431386232356131343432353738
61653338323834663138336135303531393963613137316130373366333465613161626263396661
35396637623235643431633263326635383161313830303335663730303637393263663436393431
35623663373338396634303237353733353464316263356661383136396533633864393164666563
64303339323665343938313637393663353337366430653965356235653532343664353135323637
36636634373734303435393837393936326536373762346262396638306264393236646132663036
65636230626662396265383266396530386538623938356364333330363863366166353135646561
33663864636365613732646664313563373061653461356336636133386164633664343639633166
30316633366232646461383961393539626565306530383462643630393035396233663736366636
63303265306534346131353833333164326138326134626465333230366335356533333966323135
34643535663666313531643162623932663763323632643062366234653934316534613432303438
31386430353762643762346637383864323739663832386134373631343365336631633465646264
66383466656165393438356465393166346636313664383965633138393532336463653330333961
36373436383033613032623762376361313937373234656263636230376439633364366261393338
65333831396135356231313964346264636532643430346462613764396538646139666163376632
37333138383566326233646563643266626336346433313434303532643463306133616462626238
65386464303034346633353038633363383961356233616135646339636137643032376466613137
34356163646362616236306561653163363136646134336439313461363137393364373739363864
62323236353230383734636336353438343133626532343939363266363765613230633134643837
34663132333963656465623364333137306531616238643564343164303737303963313964643365
31326561326535343964323864633066346361393463373732623236306437303234383132636630
36623336343363383362386561303839303033316666333563623336626430363733323464393435
34393236633265373761366431356539646563613432633537633432666538363235306535346431
36623533623337396336613566363166356135663132353138633265313239333039636233643834
61616166346631656666363836373139663264336433353631356430396336326434643535343439
61623734303462356139323863663037386565303438323232626337656164343466386339366338
39636333633864373739323263313636396631326530653936643366623264353237653435316366
39373264363235663639613630346235303765376535373364393437613566326464336434663064
39336562376565613535363031313365303562666538653538633639363436386462626539326437
36356362653162323131663838633734616664383831306633303930636637393630393134616430
62306561396536313561323836313437323739613334346334386462316531343362386134393065
63313463663533383831646235613764336233623463643033646238383561653339323534646661
33623339363033326561313639643438343666373765383530333233643561323863363864363863
39323862666330363465393761313734393464376261336664373266646333393831326461636562
39386361373039356366626335336533323737313864346662353563386264323062393538366435
65316135633530313064643033396431636538386461626262343937663864626361646135373737
62386338396561353937666664306564646364363334303132376464623739663265353032343062
30633039386537323066303961316565623461653737336265303537643363373966303738316335
62343532656637643462653639626231663133376164333161333938376330396664363439366564
30366231386664636162396330393238386534656632656162333562306132323562636562316236
38326436313631666664363731376539323336613165366265383235353232383938346137346337
66623534306231326166363563323437616531613261303062306537346538626130343232653437
31393139343866396331653037613732663736653935656561336437633634653430316166386631
31346366663431353531626563383735373664643633353631636437646239376433353861653761
35366161373966613164636163393363623465323130383266633262623437323039623761633265
62623833393935623437346334373832306331356462393537663733346161306438353666613537
64663639633964383135656461373533393366616439313439303635633334326661626465643136
61663035363735313763303065353739656465393933653536336332303536396165323335343636
66303461616237616437663331626537643165363634333363376233396164396364383937333435
34646338383533343737376336643835623238663963633866396232646361336633623738653438
64643032373530636463636363663361663431323264653832646565303439623862306335623136
31396161343363313333646238366537333461306466306362393336363766386232383662366563
31396533653731376463333964656230373736393431633362326631623536303561353564356465
66666531323230336232393263633065323334613865303562343431383338303938646130393031
65316132346462616662373132326636386136646265303232663238376435363932636234313166
32396361353733626434336331623862333530303766613361646333636532356165626165363862
64356236626639386538333661346633333064326330623066316230386338326662396466353261
66633665303237636230356562343966316639323132343962636632333833656333333164613933
34313165383366316435633063326435623533336531633432613466646663663230663362326463
62633838383661313763663830613366333136356131336539656438623161633138623861396332
37336263373032306637623933366164313033643861636161616366396264386366313739326363
36326530396230623066356162373539333738643564303061393363313764363964623531326531
34656361623035363666353031353730323630313837643232633938643433613766653862616264
34373437333364616636636133303133636330653432313261643461653230323734396364623461
61373635333966346162653362333039313136633333366531333762333664616233623139336435
31386339353331373762346137376466643262333234326332393730623137336262626363623238
63643932353439303335636538376238663863323434376637323864363763376532623563646664
30353563333630646165633136366434653938323061376461343535636666393536313637303161
30353864323731623231616634633362666266623832623238373535326366396534383261313436
66363732316566653535343431623265663238346663363232623632633433306561383832326464
61613435636537663437626133356437383338623065653766643432323561373838613865346533
65626239666261643135303330646265653065386232396535323833643435633465656331353530
33656162393461393265313036663131663964353836613166346362646330373137626536383732
39616333393436363831626632626232313832303837333261383763376635373334373531386234
33613835363762626230353638366461663863616437346661633735343562393939323234626165
31623363356565326630656237376539656134373237623661323965663839326261623532303735
34383762373736373030663332613164313466323264343430376238323033356130396631366333
36346331613238396132313762613039383765666562666430393066356263666361326433346464
62643530663238643532636334316636643437623631613962623634343237663265666261623938
38336266353434646130616434646262376336326635363835313263633639646335366434323330
65353663343634383865363332313931323562346333656436613237653466643666653537646136
37333062333832306132613164386261353236356439643936653234613332356332626563303664
36316330633031646538303030646230396133356636353963653734393630636334326131343136
61613234373539666132326232323766343439653834353663353235306166643333363761396663
30343438393234383662373031616562333265363132626433353332323032616439323737376536
33613139363533343933373538316266613032646239613634656438306335646165666666363864
63613862306363653866623633653931363561393665346531623230643862313130643038393731
33343563363630663431306265346633336230393232363237363038373933363265666165333265
34323564643838323363633931363461636338633834326531623365313735633631303136373366
64643138333539636463373564666362313335383733653330663235383633643331393765643539
61663032386361323737633966323736393131613164653130626233373064356461663761336330
35656537313064383132323366376537393530373932383764336466343137356236666334393831
37613363333032396562643831383532646532636437306132313436366335623762663139316134
62343039353530383134356563303065653839336237353530363166613437363738363932303138
33626565623936636262396566643135313663306663366233616230376265623930393935396634
30383939303762303835646132376333336663323435666664393837376164653537613137383539
34336566613639356133643834376330396131383334653633353162376536646234366138326437
61636361363362643830393866666662613663376266656430353531303335653666373030646238
36393761303139333963333163633065383364386335356666343565306334336462623733356539
63366436613938663432343930303835633134353731383763353766383362306539656561636438
65643133643733316330323830616663643234636334383036326238383264386233656436333131
30383436363538636632383737626462396263653461663163396534633936623638316466326564
36373139633066313463623636373432383464653339323434366139386263353133366633646666
63313965646431356132353961656236396562303730663532383134666362653731623264393037
33326539373835646439353339316366393337303666316663633236363366333062313464623239
38386133323331653066343434666130623063353164396437396363303036346434623661616161
64653234303166343763343565343537633237326466653561383638326434613565653731393637
32386431653639663538636135623733623064373734393462383639663330616364646463336536
65343234613163383033386464663564643836333361346334346137663738343136623436363630
30316263643137363134633431616131303765323736656663336466653338616263663530316132
34663361373537326332646534396161383832656631323731353465333737323631643464303464
64653431383963613964656233626165383962393264663236386231613461303234363264646530
64633233356566663565333937666236653161383932636634346361636561383133666664363736
66623635396237313231633763663438306437626639633563353961626131313632353666363532
39633233353065396631353963623964643339333730613638393430383234626239666464303637
37396565326261393935366337323462373034643565653632396634633462373462633637356464
62316262343434323436616439353162323963313138636666353838636132646532633766373933
35626330643263613339636333313433326337396537613037646232333339396366333463303064
39653031633633356330646630326636636130323065383736303162353135336664626430363632
65333763323032356332636363633732356265316531353763656561373238393737353339303439
39636333343531656435386332356266353633666339613331363835383361306265306539326539
30363338313530373533356161353261303163353264366639353738646132653762656662613630
32373438653339633063666462376232373662366632663238363965633130333334373038306136
32636439336238613239356131323364353864333061336566616463333333376433663162393765
30343232366535646238356635303863393265623035316139663837393335366436313137333237
30373335633066383330303830383863616663366436353362373663653137356330646533656565
38366431343633393935313737323230363138653333343330376634613462653761663435343863
39326263383462666635633766646134316237313234363364623661613630356466363237666335
31613264363339383432663766653665343863343433326435316130323837656437663665623338
31653335656531393636376162653930323162396636303036393763353034346463386162653936
33373239316565383734323339653665623861613162663437393531656433346537663939346237
36313538326638353331663065613937633561303666336439636238613839666465623563366237
31616163376164616665313038386630303838623432346337633065316163626431303633376634
38313666653564643565633230386466386533663833643934316530393863336531393438383034
61336630373138323462333330303963383864303262393863653637383235623237366138653138
66613231336430646434666536613636636230663834333030306238356461303936616633633838
62636230653833613862616134613866663762363038313635303339323161653836336536383162
37653063626237383765323162376563313463303162303531376561333037323762636130663130
33653637326462386532393832656134663632626362623831663836666563313032663437356564
39623336336135646165646264376238376566663533393530373734383762336161623033633362
30393636353734616563303532663335326137343533333031653134363736396536353038326431
33343262666132303731613966366632383334626665663038613066366465336263303466363535
63333238373638346638326531616363663132616364353162316234613063623162653362393038
36613666616363363530613133323836643133663261616366303866313833376132636362333334
35663261393937653736633366373965373337346634633063363330366532306566346331376532
31663538633661376631333964346136623161343163306432343035643836376163643731626662
39383339366332393666613033353737656434653934333435666563333436643463323264343931
35613064666331303364353164326533346637393163613864396534666361353530616566653566
65653331623730616636306264636463343635336466343637336364343031303461333431326564
66306531383732313965383131323839356238386334663261656463643035386537616562396632
35633939393136393535363237386436623038636565646232316333656464663637363337663664
62356538633337376662336336356130373466653930316230306535656435386266386233366239
33323963666337613933666464373930343637393438343431326362333535633935313138336564
32376662343263353936613731353736383135393761643661363132323531353631353038366535
37643162393062643064653263373666316361666135333338393565656333386131353730323463
66626432663266326263643530313336346361613739653539366364326265323037623930333163
63616465666366323838303863656165636337643466323335396137333838326531623537373231
65623630376239336437356630663761663961393239316235616234383762343837623365663835
64646332313565333031366635633236333166383232313638643131656462326234336131613139
61386338353133326564303338646634336366303439393361666265376534356462653263356533
61663639303966383432326135633162333331613635643834343938356665613031336631393466
38646433393864386364316461623639356564383238356239613536623030303766363238376431
30303431666264326235333737666438393664633638396461303039616232353166323064386436
39616138343065653634363530336336393134326263363133626433363865646337306162636464
38663233616239323834646638356637346130306363333239346238313863333036363837386433
65313130613962373132613264346139323135386261663438316231376438326634633337626136
30313034353739356536623764343563363964363430333538333433616536323063663666666436
39356536303634313465336330376532346162626234653539636436613033346439396639353938
39386230666539653934393361376464316566643564373534306365303437363565386433343666
34343731373365356133366162303034656366303262613139393232626264336439376161623664
39326239636563346137623161396366633738613434376635353834393934663037323464636234
63346137353134646239653937316330363735353235636433366661396231636136363331623263
63643061646336386535656162663036396635333336373561633239386433333235666464303862
31306434613839633865666135643661373163663665336237333961666633316365333866386634
63643436393839363633353364333738666136313966653466386665653465353965336339386238
66316436376663316463363364643338396136313538383637663931333038636337303034663430
30346361623163633034346666616166663833623330386463313930386564653737306665326564
38653631373933373731646334656237373761663737356533646461636665303463376562356333
35653333323034363563646561383231313131363961316636643332303030376564326437396634
64316364616464376336316332386137326433386430363930633564393064336133656439333738
66363836373535613961616165303930366166336131306437393133383932623332333861343766
38376232353864363831353332616639616134333463646666393039646630333361626536653932
35636338376565663061373632663037653732306565666261313930306136633938636565646364
39616530393562333733653763643439383836386332613461373935643832353930396364646639
38313765303962336430666463303464316265333034616330613638633065323439323736363239
32636335393463646362373066666566613066396530393431363236386435393039663539326566
65343935643530633861303336356136303539326166323037346663643039366135666165666136
66363031633131313731373939373666636164323534656638346138623634306538333431363033
66653939363134343537653836363736333664383962373030666430623739386631326266646532
35333535353161393161396666393932373333656639326532636435313262316662373963666636
34653436343934376132393761613833663735623534386365353934633536333732646661343961
32636332373637616562393464643834316530623261326563333333636365383338633736303764
35653462663137666531313934343566643962356530386661363662613762383962653362663430
34653336373861636166396337333137323634636634326666326238363034383362396539343966
30393963646464326466353331666538626537636165323938643432366134366365333766353530
31336237366263613935316230623262636666656630643861663135343830653932303661303761
34303531356439333532623136646363336334376234633036633064336134633839343134636562
38636537633536383261643662336430636265383931616337393031376261323961633233616533
61353934633933613930613337303932343437326637326663363463316536613635623335376639
34333733396633306666313633303632353036396631373633616334666635393033393934333331
37376538383634386638376535346661656362393135343531653036316262376435313562653738
61633939303235373433376636346162313166623963376462336432326431396631313261386232
37316164343863363963353038306436346538373333623464393464633864363532316461613931
65313466363332356635356436393839313536346266353531383066613461353263303636313038
33363366623235343939316432363832646335386438336333646266343735333537336636646539
64626132323063333462636335343766643563383764643864333535366631666230393330653838
34666364613561303631383062333438363464666262316334353738343633393066323830646437
64396431353636366233386136396630386463653339653933383761653330306564656237666332
30333663346663383939626237396431363930623434653137636163326361306337346664313761
32613162636164383535653338356161326538646165356363343164663434323736656464396538
39646133666139633365323166306666626131333438353530616266373162386431383563303131
30666131306132623536626332633438613737393265663661306362393935663631336336303634
30313463636165653632323762623034333831633662616131333135353036336564336137613830
32323936376265376236326233393232373361326565376232646464653662653632633630353562
37306261643237656633656135303939316366306336613264313266326337653838306234316439
65616230326536336436633761313962383864633930363933383639393637396166386162323566
66306663333035633439373533353432656330346665653261363534636638363636303464366232
62656236373132616230373164343630663362383234656263306139306139653339663336323334
65336661393064313230633066663231656133303437646235326665396365346630393565303334
66323332303730386166373331653234656661343765633665333631653636393161613639393133
36306338623735326561313832346439306264653165616234303966633961366134613031396239
30366230306233623466356163393961663436363461333437646566613665663934333433396461
35376330366664653661326163653839363062623331633539613262616665643031613937633637
34636162613439333966666265666639376263326133356662653630353533643831373035306133
35366130623061373036316435303366306636323934653361643239343563656261373234623635
32393662363365663961393061663434656236306233353866353462666230653234383032393033
62303430343139636130343261376130303437376533333939383432663636616362363362336166
39323361656365353363643564353061316565633736383130646363316130323731663233396132
39633831656134326230373733346135613865656563346333333562636135623538656433333833
36313334613764303135626633363866393161393961643762633239616132666338333062653933
65353762336131616538313462366464376463383566623663363734636462383862333235303363
64393638613339383936326363336661653663386431306566313434343532366439326137343630
62393864643664343439333539623563313333623832383038343638313239666333313063643834
65346662666538366634663832613832373765363065343238326666323335316136333032336631
30383633373738393737616139646566653134376166333735663931626530333239663661366461
61316662363734393539663862333633616633303036373932303939393065396531393565643636
34333138663031613466636635333732633964636364623332653839376631366538656461393630
33613838663566656364633438306364323162393234306266353034383064356264326564363565
64313665366365616532663164356335396131336565356564386539633465653963313935623162
38306361643533646233656330643336663966626639663963333638336463613036653335616264
34646234323330386533626562366362613830313435336439363333333165653631656339643034
35616334636531356534316330343334353034643363393737376364376365376132373435303464
63646234396663646664653666633763306366626337386462616263353063313633363135323833
36373865393136646638326434313630326135356566383032633033623736323934336661373330
30303961353964316163313530343737303965636434643031366465313538316163623462366239
30643134363562393332343564396138363634316339353261363034656535666463326336633062
64616139613436333831343932313531653065393362666563663135336261343265393065393232
35346332333231313166653839306662633665633062303861646364306662326139393865656535
66353763653261663334616239373962356530396130303233623466346231383966626537376332
61313535393031396334653136343933316663653333313362653235313465326534386462616266
64623563303639666630366361316633643661313966343133653737323036363333613130363162
35323637363435313063363365386636633336313830333362643639656238353830396438366138
61613230626162303437623030303166333933656131386133393339386231326266326535633330
63373866633633303431616430643764313530306334363638636231313931366136643464663964
32333831613265633366613839383364643933313634373566396361623566666539323265656565
31626330306363363364353166366638636637316538666365373839326435663531306431643933
31336561373534623331313763373036666236643863643732646531366466386532663238373333
30343232386464353261336262386264396263643032333835386462616435623366313233663366
64356266396665363734663837303666633533323731396632646335636335393463366135316537
36323132313364626537613632393031616466363833383636363865383736323734326662663132
35306162373364636262613439633435643835386639393166386337323364303538653136613664
37333736356335646438326536653063616133353238373632656135616332623939343564646431
32356630313961366236623161333835636665643661386461343765363864343266613236336137
39373530373338646561316636613062316334343465383765316337613133376130396436323834
32326462386539636362613461373635613230363161613630393733353234383236373639653535
64653133643538366265613035366539396334366533366465346265363539313835333135343931
37653534343563333133636161356433636133313233353239323565333034666533623264656537
32393065333561646462313337396633656639363661373664373732646133643330303165323265
35656136346538623365646438316632663737366434326134393338616161326164643130343237
34663933303632656330383437633632656632336530663531646230313266346539353337656466
65396134643436333264646130326632373639353436663638613766353230623635353434303462
39303462666265343238646136643633613637306461363234393465633337313939646136363065
32613534323663663830653935626238353935643933616633653934643639613738306231656136
38393334313730643862633564663861366663666264643365346134303932653064653161626361
32356132363136393463666435363063346133643366363236373835366562336138383632376536
64626566343234633437353364383532626661323434386662383532643834666136386131336135
39373337353031663163666133373739363033383364353335616162373832623162656439663962
33616635653430653034366663356264643033623063646133626235356236653762353335356163
30316137626430653737653862653532393831306434663262373662343736653735363838353966
34616236323132613464626332333736396562303866666534656132303665363037626138653730
65376162396466656563363432353935303339346364383638316365376338333664313536336638
30326666333965653334663965376465373334386539373765353561626538323562373338613633
66616436646265366333656636656132313431316330383865323431633737616232313665666364
30393166613762353435656634376462623465383134653236336139303839336664323366636531
39306239316464623434363537313532333233653132633533643734666232386233316432353338
37366162663763316633343863363966643232373238363963353935616335346338393838376463
34316662313334356662316338366238306237646561313462626563373763623431616362383731
66663436396462323562386438663238613261306464646266373761373763386330363362346461
63613665346130613564386365633261346430383964393635343235303732376530653562646233
65313562356436366635393231613231343365366464323235656337366231393037303765613938
31643964666136333064373838396562343434343964373163613561316461613365363730306139
34346631393333306639643762386131623566376661336661343465363437303037343230316536
34313538306237623139313164353937623565636533363131383561386334616435366330633865
39613535643862643430316462636532663161633135393932643734316637643338393266306262
64313238313333633130303239316135646530653736366237316536313938613165663666373363
63656237346262373261336264343864313236373266333838636263336366343039393139316166
39373338333630333165396134653338623731323938316461306665666236633665653762616465
62326563366331356636393662313865363962326138653962613765353562393935323566653636
31383833373066616566396136633363343531313766373262653932643263616233393838653631
34656663393565323438343631616130383032653639363736616265376361643739653363323465
38363138313331626336363166323634613737373339383338346462333631343731616132663234
31646662623433376537333863383966663864363763306561303734333434356236323333656662
37326639313731666337343835626465643336623061313939626464666133633439306631393734
35653865333466643937393064326365386131396633666539313834623433323735613936303734
36393565356465303736663261633830623131346362396630613261336464626337623434326331
31316164323130636466373664333236626366303937333564306664386166626361333736666638
35353464303232373863333638323231653861363762316666393366326634353366613137323433
31616163356137373831623737626330666338386436366335633839653734636665376231323564
62323735633766326165663466366432373039343539653062383164383862656432653036353930
35303331363938323535306262376265656165663030373061616533343266346561323062633839
37346665386437333161633366386333666233373935323233343139323930653039343764376665
37376466626338353735346237646262336266623635653438336162306531316634366638653339
38393435636332323934313762623861353534343362653861333862616564346635353537653834
37613965653330613864313837313661353263336566333738633964336363656561626461643465
64663366626639653636383736316665623366643662353038613562383438373639633730643965
33633632303666663537326131336161643636396335356139613534623930363534663138363131
33346631323537313036333534656330613966383332326665353335316531363938323966373065
39353963633632363331313030626232346166356430376438613337643338363334303265363236
37393061356164333561656637643835613462366566643737373637336164616365306161336162
34323731613532623033303265663335623961643235366566326630306237656436626139626431
62646231653262313232376663353636626638363132393339333433623031613137663137343133
63323332646165383462393665333137623137666430356463313934393831323133643136376239
64356536373363303264646134363263313832353738646232626631303237363038653763356164
65623563313131333464333533366633633666326461616433643964636166366430633330346562
30313866613132646163613465386363643164633664353638333338313235633639373566323062
35333239613932386530333137336166633764396563343265653931373339353432333431313464
38643162646636396634313133663438663963316133323630633139366230376634376162613339
65353035616664623437346137353162663735663932613733653436643164333036633732303638
36616266646462643437346335333538306633636238643166373734613734306637613330353335
37383830613033386465616463623631303937336131643164313063643536613665346562346436
37343165636164656234663837383133303537626332613361313632326664343331623132656539
33613630306537383565666539313238366330613936613831306538343566653137343064663061
39653163323539613835363864353737636261643765666135633861653139623737326461393136
63393336336136363438343738623639316239303466313963346137396165353566383437373961
37363932663563393666373531663734616662376337643237336663333461333763343064396333
31396331393461366362346464313138366463616564613436656339333638346264396534626562
62653837383161643336663938363031386665623866336137353362333762656364303130316666
30343366626338376366613361393765363865336430326530313135323563653262316435623738
63303235313063336364646666333762623132363335386232396436383731353436653032343537
66306565323332656631356561303466356336646662633962373565663032653332666362613366
65663230666135623362663361333035343464323663336536383039326263633764303964363230
62313038633262616463646565633536636239393631656533363838373432306535333133326333
66646332393333316238343930303436303731646166383332663737393335303933383361616530
62373535356166393062653836623531326330343866633833643539666637363433613661636637
37363036633964653666656463653438316137353963326339633136373236323731623137333836
66663365643766663663356237613633643637393033336631333762306337303630653162376434
32383334373066333337653030303633636632393865373762303466353334373536633366316135
30656231306433356634326166343731646164623232386231643265366463643636613261376564
34393431393466663538363237316363373661393039656234393336393536316366636661363238
35633163346634313366356335373331336665653061663535343264653964386561356665646463
37643431393564323832623462636463323961373031336561616638306334333035616263633535
66653462613533666231666365323839633532616635616262333262376636313535373935633639
38313339613161376639623363336238306363346135646332663531313530653832306137656633
34356633366634313934646164643861623262646536623366386261383939393639353439336334
31343563396135386565323939386533376339656633643362633233646137636264366530313132
36633533646638623433636235653763363162303731343533386537303663363832313633366334
66373364373362653438646166633933663432363565383038303366363534343934636535366561
38333336646431366563383161323533326337393566613535623737616361393561386436376531
34666166323566656537353961363961323433306562346165373639666664613262373038646634
32323163373533323166373436656464303362323136646532313765373032626364363865653634
35343064366636653239316435373338626361396433316166643464373565396163396637303035
62303665633262346265656530313836383337663063356237643533356432306539363238363363
65656334613237376265353132383137303465303832613362303863343861353331383761633166
39626237356637633031313563323061616232643138623165376535353234663763393365326531
36653762653463303564643061363035653433313630623138613633396361333333326563313536
33613764646437653033313636393634666261353162353863336266323839323133376264363638
62616136303434663637656161653131323461626331393865303637633639636334353239303236
34633731623232616333656334656230383662393434663833626538613266646665363561343033
62333038376262373165
