$ANSIBLE_VAULT;1.1;AES256
61323936303832316632643863303062323531343363313236623064643564643661623861643663
3834326134353533323730643332386134396635303864310a616164363065653336313034366365
30386134646336373633623338626366653464626434326436393335363065653662313534653164
3836363037333739660a636232613331306331653832346534343634623366343539646162343162
63376639376538323137636539373561373238613864393736356538306664616337646163306232
65333232663262633033303031376463616231333532653731636664366432316161643264346330
66613132616338626334303963643461383865343234383132613638656431393563663065633639
63633661653462363963363835326439316562633363326532653362323334393231303966643934
65626231383164373263666436393537396363333834373934356437376132313336363965633330
65613237326639373936316266323531643337343934363336653233383766616634616166613438
36393737636432643934336535326438613565633561343433656337326362663237333433326364
64363033626665396338343736626664336561656136393563393965393862383833363962336530
64323233343037313133323765653763343034656637643332366331333031343035303064626464
39613163353635336264346632353732363433336430663139616632636163323962316332343762
64353462383334393638383136656362303362616131663538326137306233353836353033313533
30623539353935326365326339303936346164613730393439656666323734663064313137633466
61613439336330343834373365346231363539623937636462666161663739376134383738653661
61316133626137623933366564323939646638363463643033623032383736646632653239393232
63343638366532393037373864366330363366313832373664313764383164353039383931303462
31383061306439343235396634393631616634356530316263363030363531393666366665336465
37323038313563326465616662353363643765386235383264386439623363336335343432396461
34633939623839326665316562333434343566656664613635636365383230623234633133626331
35366332663036323737353765346166666438623833333135316139383264633139623238356239
36353163346438356437383633613762396531643633323834633339316137316439306437363761
35323261616332363632643031626437326461363066323132343866363837653939653736666565
32383631306635313035373233306334306364386431383163643462346465386662353232393237
30643134323666626631336463336531636338333464633533356466356139616639326635626263
38633533636136633833386338346365306437386531643866333238303234656133626132393831
65643664636361303432366663376432393730326434346361353166326538396430626531306339
37316163663635643732643461663335643963303834306431376366323035353466363438656661
38356236343164323662623366353932663863633235643932303637303162643164356135316261
31643961353263343063386662613963653566643231303864353633353462383466336633613232
35363461323162636161666431393962393937373437653461343939363335626663383037643934
63623364626663373863663837636663653337343537376234353738326638633561343432393663
33383264636231626232373361326636656464393061336331656139623138306561633566643965
37363263393936393039613465346437393535386361363935613633666161313033353436393732
63623761316538306235343464303733333864366461326232646532323135626265663338373433
37633632633831343537613938636639306238356236316265323432373966663832336165613631
63663365336363653133386331313362656161306264346131373730373766653732343964386332
63346466376339346639643337666230333964623037353962346134326530623134643030646562
61663035386234666133306361633236636437373734656439316131633035393034326261333566
39343963386330626437396635326434653133613665663366366330303238666133643138393336
30643533393464646364373636393261373833316332396265643361346634393961353031643230
64393863613137393533326632633134363433613237386135353065386664373561323931613434
31653965653965303561626639343936393263396330666566376532323965306630366430333036
33663336386337643430336461663834393931623133653864376564333763313566643864316533
64626637396463303732613538666164393637336438323836383535353839353530313934653531
63366537393965313037336365336637366266376564373330353535353132303239303466613962
32353632303735383232323736376135313833663638633066393530663264343931373039306135
30663736383539363233303864386237653662303633343565646465363062323731363139303436
33343232313238356137613164366361396664646334346462393032623437383964393064636331
66373164663133633138393035343663653838373332366531383139623736616430343362636235
30646531616462326534306339333865343539366165326535336366343030393639643938363331
34323832646538613739363339643764653130323761623361636438303634313732633636616365
39363739306561666462653763343939386632623235636134323261373435333565366637393966
61306562663239613137386565363938343533313761383437613062616231643764303937353538
65396563643865613731623637616435633639386161383134303930373562616362346165666536
36316364326163386362323766373661623537623432396262633733613237346262633461363834
31373066393236376335636637323834313739393165346539656230386366663839306535613030
33613236386135376238313938303431383963633430373739333563346638386566613661663732
31386237333538373737646339323830323132623036613532396462333532623266376162346366
63333930323435366561663830626438376265376561626139396235376431343632346461373835
34653265653937316162383630323761666164656462663035353737386238303065663965623863
66363539643365366430653366323962363465313633653032623263333030376532383839333231
37626362623638613334366335613965643138396465373932303562333837303334353962626333
61653236343330316134323932383466653134633761353631666333353438363434303133636436
31613535383261613630666364353862306639346533656439653939316466306532646136373036
61303763363663626339353630363536323537393862643234633234623661396661313463653761
65333764363530626634356534326432336235363533353933633366316236613766386533613861
32626663383234643538393536303562626631396234616639633136616232393436376336326232
33656463326237323237353931303439323465303666666439356134643661376366636261356435
64613531396661643238643065356234353863643134303032323463346666633263303062383037
66383762366538633932393039383631623735353339306136323639323832373962343738373737
31303961396231393531343034326265663036306237323762653032653833373063336639303164
65663861363462623038633165303938313838343164616535373439656162633966373138613262
64666334313662393232633038313936313662626336353061343137623965376366666264323334
61616135313563346630666335313437373535666634393363376630316231663665646432653662
33663737336363656433626336633037386465353763653534343238323436303366306361353738
37383132383131353538656133366466323030643134643034633062373235366232356539663930
30663334333734663032376135313833333239306466363138306461653363623834663035616463
61376537663330376563313135353231613939373863613262613238353833323132646161336662
64623634613566303436356536623462633038616438333536623165306431656530346161623939
61356366383233646533646635323566323031326331646535653361303332383137303466656135
35313763356336353061313438323433613534633935336166653732666466386330376261393564
35386334646133326430353535396339653230356232616636336261633137346232393832636132
65353539643266343162373538633032653236373761653862383937313835393531363135663064
64663132383864393863333661313866336438633566396130353534666332326665373833353064
38343238393539366531633637646134623738313236653635343361383866386633393732616538
34663861383565663465396534646563666539323938376632363835643261346335353830356663
65663365386332363831303366363862333438636430333031363866666266386461356236623663
35646138623732613232613339303637373236643435346661666137303733616538323465653637
66333961346261636364613730663236366333303332643861633437323839633933326564326333
33366630613832653236363165313164316266393038333461323539623432623631366235326232
35396363353832333939633330306263643761313730346134636334333039366138633866643163
66373038343463336537626463643433323963666530363635316139316434666535393333376131
38353664316233623131643061663732353133623435346365323166613866303863323135623334
37633533643833633439613737336432623661633132353636343238623866366463663036393737
33653339373166646539336431656235633637316330313637326132306130366235326533303235
39323833366334626532663766663436376265636438306133323436343037306132633832663365
64666335336464616665633834376135393765306530616137313734373237303031376362306163
66633937386233393463666134343831356562666134313433633037383464656231383331363138
64356438373431346164616265386533343635646435303032623239643266306632643366623839
36366661303666336162396563616361346433333862316166363661383039326235333738613537
32313766343837303237643434633965633939373837323135633639356662653863346632666435
38636664656564386533663135313764363539313661666232386663646166346262663963613062
62663438623865663865626136383531653261356262633765616638313963353361623038353234
31653264653161623661313564356337623632383564646234336233306237366663643435366336
30653965623733393365626137323931613330373366376266666164663531633161623937396263
36323166373836313530663038643065386137636361333066613537313435363638353333323864
62653937386165313037383533356638623663633831386133626265306130373536656666626638
33323032633566623434313935333031613730386161326431316264393339383731643964313534
36396239646439323335306463613464383564323463393834383533643530323536336363313135
65666431353564613866306137313433353037386538356332613162653435303831346534663638
33346434303037643135646232653932346231626436646335636262646363396337353737356331
36613961303537623433663964666239653464656436613633336539386434306264383266613264
36616439393863353931346430393634346238313665393765623530313263666539386133353663
61326236316437396533373335303038343837383130376539623739663065623139366633356130
39363535363563366466636234613935323930393533326333396162363061383332633134616135
32663739303733666231396531343561386531613866653938383464343332373163333636353336
63643536323435333933363366633534306366346662326666623738353139666562363433653032
62333630346164303336303631656539363037363638313133636330646234366233626435383735
33616466306132643962613633663932653439343936666234643461633831353239623766653835
35653939306662313165613266653931333730376133323761353662653861383336626535386430
34376262326232363539646332376433643363326163383261346637363361616261373636663432
38383932666439653862646630383735336430626363353332373664346666663963656538356132
31343830303361343663393135376637663234333438326466666566656537626133663765333365
32396664666666336137343064393839633531366266646165656237376331336432356139343932
39613461363137333161653963636339313265343239616231356236383965356530656166306563
37393332346364333437393534373636316231623865306236333765633335343838383936336563
38643363333738376231306437393830646166663937326563363938396163373332323363633561
62316335616466663564346339336266333339336238346439663634336336363866373133353564
34333862376635383639313838336631316161356532313638343765623135343930356133343236
31323936636432613262353333303833333638343532356461326336313931663235313963393631
62663565366534386162323038623835336635313764626266373438343238326531336261323362
33303033316166366438306537653264353661333736373865633931313061323939396366343436
32306666653664323931363230656461333934313239663865393562616536353366306565653632
36663932643832363766646262303564363730636634663136666531663365643262303561386265
33333161663432646133353866386239326165366361396564613862336264386363323034396533
31306466636136373632666439323839323565633139303561396634646539353663363262663764
66653262353061396131633235653237386636643333613136363135396433333463616532623335
32623661306662646363326361306339613064336539313363623761363362653133396463336166
36643230366138333930393661333532623766643261623438393738336164663533336165336632
35343738323131636437383965636532666334636339306133656132306461353334393664343530
63653662333765306261613765656636303364396163303836343235636461316339306666663232
64366666383463313734616438666435623437363165313433616165353432616232386438343538
37373764303331303761666262616264313735353739323738363165353034396138383134653963
37633832373065613465383136613436383934636437626334333033303339663564613438383939
62366536353431616666393061653838316662383831326362653562343064613736366461643964
63336534333032373034333334323662363061396462613032613532616235613635643466313433
39353962306466373464656233643637653532393966373031333638343733326263353136363765
65356236336262646436313738396264656364383763396635643135653134366335323633383764
66623736323366396263353263333631653761663966303561643666653064353239346437326432
64353931396131613933373466356165626363303738376630346139633431346635633839643461
31663435326330393062663031356437373361663961313335623439646261616132376139633735
36353636363438363064323134306634383463316632303430353937636466303538656564663062
62323938353162323561326430616234363639333262643730363264396135306232613464346661
34313630633161633533653630356162613637383466383034663337633834636136653434653333
64313734396630386166353966393338656236666465656630333134343932353362623138343939
38336464383431623664303365373363623931313130303636306430633432663736373536396335
38623031656166613837333261306439636164343939386431616436656564656338376431303730
38613639373431366637663565353036386639376365393133346362353934366666383166643663
37393430383338613236303436396235643463633730663930626166373133666438323964616365
31343535373664623266613039323066646635613761663061396565626461353564363137376336
65376364663836656239383434396333623037663336373764333130306537366530383536623861
64663863666565643266656161306632356362333465653633643337653830656632613663376135
32333033373264623562626365616539326164363066336165646635386231306463626336396137
34306431303163653136316535386331386665333666636537303839623834623661323666613235
31613232656465666534653737356632336264626437336237323161313334383364323131396365
39666461653537383866383965613239303030366661303738643161613234623637366339303432
36373436613566633166656536616437623336623863613631323639623535643165653038366432
61666531303833313630643166636636646366396663363038323432626535346365306536383366
33336162386366646636643166643238623163313963313465343366633239333935366361303238
66336633356432633838663538636239663838376336346236316266613363633737346435616539
39666366383165336639376565636663653439336638623830393932373265393161383564623631
65303930633736396539353934303537366630373433633264646165646631396137643937336130
30653432616662366165376666343330316666323431376539353764393161353434386235383366
64623862383031396334333734616531663366343538633431613139383966393731393632663561
38363162383735363930613737383735653935396463656136363530343333633634376537346139
38386534656538626538643331616261626266643432343566633961333834303233303564663566
62386661363131306264623465396536363563633261643431313532653033663833323033323739
61333535396336346362393264396165323539346534653165316338633339393138363833336238
66353662356136376437386661623038316462666532356161646533643736656261633831613764
35396262663133323638633562306636623132316664306666636336383765303164663231316261
31306238623830626530373332396566343236656439653733343037343639376464326536343931
62333931663037306231663037613636333263663561356434313365623866656437663738336333
33613564316637336164303165356332626538306138346664336633393832633766313832353031
36393965363763396333656134623536356336663761386265333932363736386165626338633930
34393734356163623630323135646132653931316537623966316432623431393733616330663862
61616165336135613930303763386538653937356538616534623864396631303164653939396532
31623635333263303933666335636335386363633063303438633566313362326462316330633837
37303063616361323833376237373762376661613538393162363439633035333131313135626531
39626332393464653962666131303139306263613034633831366335666264663136643263623638
33613266356336393461646662346235346162373634333861633433643164376264343634366239
61363438386635393438363031333030306430303866396432663935643363373537663536626338
36356561313232326532653732323966666465343736376437633262373431613265316234336163
39626435363132376533353439383133343065343066383637623134363333316236313734373363
64303138323833633465303130313135303861303630633565363530366464353966643932653362
38643663333164313036396538626631303536623237643464613264313733353563613536643861
62313232666165646237336533363064373231656362373433363563646432316334376238643465
63306531623663386132613765386330383035333330643033376565363462363730376238383765
32313565363863623065343336313666356435626362623539643834366362393965616234343835
35663761306332343364323939396463333238386232363061366339656165383136613862313665
66333433613336303162646633306262633638663232303165376139386436643639613731633662
37373635633436613032386434396133656432303336333736333965643836663237666661306430
37656233356630336238653031373037366331346361363633643265623161323339306535313063
38383561383837353232333265366237373262336533643761343036613265356638643563656666
32306364336564663363353136613636393935383538663935343265373130623334383837666138
31653031336537323964323037333961356461393237623835633832343864383032363033346437
64626464306464386437383564653530393665353334366163383839373635623264356661306435
36303965663964306562626434323036333163346332353434346332326261356530353739373838
62326364623634393239333865653631363838616664666164303066373264346566623964323361
31333964646130333462373233343862313530363865346364363838653532316638333161393134
34663866633961613838666234636230303535623730383131306132346230376563303430323461
34383832643263353932366465343037313438653061373036636265396138346464396131616431
30623333333830386231663662313562616237663364316162353837346439666439633138336364
66376137373062313966366336623731373032303333353361313163313033653939616566323133
63366566343731646263386365626338316439623030646439326335336564383133313131653035
39373831623937323661323234366234383461366134623265336437303431326633633636633965
61303166316161656663393466643664656366333862373463303838613632346334613939663266
38643934336166343934613038653766393538613732373933326139303034356131626331343061
32626536366537316630386363323666343836333633356332623263343137646432366536306566
37353930346230643337663932333738623537656136653536613834643666333433663331666434
65636666306463623439373835343631663338343334663266626165383663386664323464306235
62653363613366333436643230396137313339373634663039666562316636376131663737363239
30623063383639626334356665363134616665353939363763393263643331646664
