$ANSIBLE_VAULT;1.1;AES256
61643064346139623039326233393330383166636463303037316532323234313937363935393262
6266306334656133633732376162356132313630353739340a373631386534386636663636353932
37663236343735366261633238343738336430396162386331306533623438626465636131396130
3636313435396632320a386137323262656632353334643837326264306662623132653231343335
65323535623836616264393535313765613662376432623631343436376235356262623334643732
38336531653230363735613532333232333234663737383336353537363637336461633264663730
63353138623132346638663333353663336530376166386466323930646537393630303365616336
37626636303535663336333661343438353731373435613861383930363234306262663235393438
62373966373965373663363561643138306331356133613533613138396333376539333632363635
39343666326363366135616235353338393763356430663835396262393533613532316234373236
30343261623464373637386661363065623633636533613764376233316530626266626162326238
34376133303565656635613130616564663266306133326662613134393231323966623461326139
66323165653038323164613466353333633966326433626139336431383463666365613739626564
32313430383133366463393762386661373930363864333566343663613435353466363032636631
36313938363339393566636433663133666637346164623364646539666561393432636631666633
61313839663531393465313139363364343236323734646436646433323664653164333839656636
30613664396331626332346639356630636437663935663535633636383135396239343062636639
65363837623536313430373735386632653438366539623839373265356662616462396466383263
30336132626539636235383332643536353436663161383061626335646338333937356333626363
63343566636662356462396166626363343537333464373765316461656364353862373334633238
31343565653461303039626333623964366239386332313662366361646431393036383432646562
35653833353532383063303562663666356534376162636537616237656564393964333763653939
33616639363037346335613162336161393733643436343661666437306533383464316366306537
34313433666234636238643133306334383131663161656462323034636538326638636163643634
36623133626365656334383133613036623361306166643032643465663163343964396531653437
65306431336562373537623233393438656663616433333063356130306237323938333835336233
37636334316230363762343831303131633665366539356631663532663933316263376462346630
32373339666630396630333834363833366231626131373130653532353232336464383861393731
39633666356335366537396630353564633534393962343562393163373866633132633437653131
36303665363035656438333738636462396338316438343961393864663138363066656463623633
36613766363463353134326134346131313261363035383532363963643138363236343736366132
39326465326332393931626366653132396537356563333732323930343939633666666362396334
34336461663762333565626630346438323939623830366630393238383534303230343432333932
66623465326131616262643532343836386666316139613364613538396331643732373861626135
62373961313436363039636434633364313038393466303735303765303238343430306362643239
35366438343132353364333166323461303535336233383830393133653631626330313238666233
62636138633632626639623264643965663162363263326535333439346265336532636134663261
36613339303933306232633232386465643731613134323033633639633832326164326131663634
37383434646536373736333735353462363535623539656562616131366538366164666463623764
39633235616237653165336132623264643939616166653535366163623731333630366236633039
66356432663965356462643062393637626637653764306135626238303462333833396337343335
66336130326663656664336163396431343033653338393932666138323137636264363933356638
38333866643638636163353365616632613438623037336366613633623561646136343638643961
64383138643833633432373438333139663532306465383663303065303561663532356661343033
66363662313830353930393437343365333436613461613331363532303939653431393039386338
33643139306661336330613065316433326561336334396238363636303538323964373061306561
30353864393566646431353036646335663130663330343534653463646631313062303864643263
37623935383636373736306564643639663037663865336564633331313038313235643637656462
66653961616666623564656663393733616366623662366630316164396563313866636438666636
64643930616463633739343635353130303462386131353134323863363164373035313663393430
61376564646139633837653137643063373665643938666461666662313232616433303832373432
33313066633732653263386165383665663831323365613766386265323133323934393831376363
62386636336666323061303465343063373938653964643532346362343562303931646133353564
61613930633365366365613263366262356238626330316632656339393465336539303764336434
66656233316365626566613739343666633937336338663634633265636131316665383562613038
30373836396534653635373566636635666665393064653738306330303339643237353638356465
33373135613966303936313566393365383637346665626436303761663432353133353137373633
36656162313332653235653766653039373930386137366230666338386336363435306265656566
38326338613061323332616363393233653138386638616634333930633335323939366230313037
66323137373866363739663536626137313865336533663435613962363534383736336561633532
37393765353161613332303135316535353263303133336265393866313362386539376537366233
32636232616333616361313332346537393335633837653961363536303664393863613466303935
34393563663739353563303137353866363338313337623535373239396362343465623566626533
30303239326632313461666562353339313932653231383564363332373665393632336335626266
31346436613261363833393962656135326338656564333361303861343637306162623765393436
66303666653237326338343937313634626333373233313831393564643332663562623564643764
63633137336634643436313761366165323534303662393164343334633934343137623165356466
32326138656438313765386335646635393766373232396463336262343635306264386566316361
37626537646463363063633333613536656339646262343236666361356633666366336661326430
35333336613036626463343466376239343237613164323534623033393736333231306165663732
33636530363131656237633031313436313832646139643264366236323762303931643133323030
66396531643463376263656237333130363163646266343864363431643136656236353531353962
35633663346134623632316164336234336365613766663936313235656538616432383865623532
35646261613861633866643831306262666162336437313066633732303466343732366566343532
36643533643566646238333834383939363666623964323965336339353731333839666538646534
32376163626665326462366237616437343131393466343163643039653034633261646161666565
34613361623263393836373437386533633764303164363934386638336461666539376434643935
37643434613962333132383035333136626262393733376438303833383163376136623537656662
62303966663538363062356262343737373866666665623535306566656430373131636530623965
32373162353836643838316433623066363030316139333232343461643038626466323236303232
36663233373862313338363766383734633262643237306233623137646361363861303232333236
30666437653166376130633633626538303034376266613834613261663134343938616161303038
33383062346166383636663066663034383037353735646338653363656333383233323930633533
39613632393661656134663730346339613033656333343230656165613635323536653337383862
66313932623033643538663862643939323534363261303764336331343936386638656365386238
31363435396361353236303238633034633337313064653830633735326263616631383233633366
64353761346263303663303235373364366563303364303430356463373636623930643534656163
34656239356537333163373435616166633338363439663335366138373863353736313439633533
32336331353064613635383637313138613138366366366339613433386636353334333265336639
37346637613834346263613861356337336435656231656566373566623165353532323236393961
65383231393561393735393833313035636335363331616166356539646133613031376536386438
66366165353533613362656362663133303663656136646462616333336264316138336665613331
64323130343764356237313734303865323165656236316135363932336636333530663665656132
39306366366565326662666661646364636638643061356665383930613263313564386339333166
62383262356563366566643463323862306233643334333538303563393632356636656238643437
32353034636466653061333436363238323338326133626535386635316561326265336633316562
31383535653964396237636335653761656532386536313632323436653638323332623136376263
62613038333338366138366330373635666130356466633665646333363565333934623530656665
37623435376135323630636233353465633864343362633634663466363533653637366334343131
66623061386638333233616365316334376438323930616333643536313064653638653634386630
31303164343236646665393038363764313336373830343636316632326436356366303762613130
30303336343436636465613234396263633165373634343635336632303935643366633065346139
38353136363836313465303461626465313331366136333633363365316337663034323736376133
65626633663430393666393064303865343166663339626539393532333364343830336234386435
38623163393565336233663238353832636333633161613934666662363335393730663064376563
39323263356461376434353465643162373730313536653431393264326239363163633534366466
66303836313738333930663030646663656165363064633762313639333561613664636266393063
35323837666663336630396465313361623163386666366538623935353266623438333238393366
64363434633330303132653465653236663333313131616261333864343039366563383764653638
63353934656134653136616131356165383164656334333037373836323735316261623966356330
61353531323861656562303264333766623465353139313234626266336333363064636138626363
61623563653762386437616132663138366136353164303261376533323632383437336466623632
39633631376265653666656661393361316636663865626331656134323337373234633439653434
34646466306430313730633432303263616631386364356131346333373261653131646531373263
35323432356563343365643666663862373435393634353136626638323764613433616535633838
31613439386237366237663937666430346436316237346631326630333365633436633366316238
65366339373131623961366132363263346361336230353737653061633236313766636563323433
63623737373462373035316165613338316630653533323832623130323964643733346633643130
61373632336132393838626238343765366561383133616233643634363736616137623535653632
39356539313335343630306430373331376661643765663962626532626235623238623837306439
65333239656566613162393431363134633133316163643136316238633730363961663231303031
63336431313038393330613761303139383234376233656666306337373932626331323737663730
61653861656164363261336266613235363834303435383635346364373935656232396133326332
65613865376338613761303530313330666233376231333831363161643639643139323336656165
65366162613565666161313862343932643034353031356431633963386137633362346262653330
33323461343336363130663437333863623035623366346438303333613430303430373436356664
34373738623335326464343538623063623565363931353331373962303666313563646430646330
65623735373733333666323761616432333635623332646665666466303637386366326462366262
62346638643634646165336435393432643862396662303936353266616338663337663361663431
33386537663431333636663030313334643039396239336665636233306132386131363230653535
30333338353639333635353062323964663264376162643038626532396463366266333839363364
33313234303034393033363462623138303662316261623938326339643934306361633932336239
63326334666366633138303630646631323465356139326130343438343032313665356663626161
65356466633934663065306434643539333233333862353935663639356664373030623434666337
35633633643339663133316262376639363231623361303534343739616634366361616130333061
32396331356366303363663065386666333430366664666130386430353139326539396535323262
61333034636639643936666165653537386330643732316539363564363034336362376138343962
62626561353931366262633031653637303764646231653735623133396135326136633961343333
63393638386539333939623138363034663938303639306333653464323432623366336462376230
35353063653438353539363937663362333233313232363534376139303766376531643339323735
37633132323831643938333436636165623431653633613337313961643033656661663864393766
64616663626265613366316532303362356439333935656539643465306465636631376134373333
64316533323639643361306134623638366264383830663965313163653230653934653437383237
31626131366136386263633563353437346335303235386336323266393263393864396630306138
64643834326563643935633335616261346161343639663666626430303138373666303666613538
37343861643061393434623062303735373061373431613234613363633831313265383764636537
32386461303630306363663062643835656136306462393334353730353439663736323332613562
66396436386539666164303265353963613633333431313638623234373262333230616334613062
64666335366164336666613664653037393338623563643935343463353532323962666534616432
30393732333734343931323237376632643431323337346632666133316161653733303839386233
34316235613861353330333333643563313132356364366463353561383465396532303233333663
37373036663436616263353033623261316235666163363530303739653337626333653764306363
35633030306133383065336239353335663563363634393263333462383136646636623538363738
32336230336635646639353865663035366563356232303639616536626638303165376533393938
61666532616536396262376634326235393937303261646461633832326564336631653764303034
61376134353931353562613037313038316361323538656139316533613164333061613133363635
31336438623961313438616666346634383366386536396434636331366162616532626132336434
63363864646462376564326262666439623835623161333436353335636231623637623961353264
33663530323365316663353834633066653764303564633131633039613235346563323034623338
33636364373132333366373835653938383765633937343734633035323432663736383663363036
61636134656166323236613439393537636430616132383939326137353936383461663731363765
33336530386438373437383239396137343262643564336563616135303434316532396164356261
66383830336335653133323239396666326234393161353131313265333331616435376465303561
31623939346438336138643732393332353733653166313163386432653232613730666465373038
66663534336161383239363632393835613564303962383265636262643536326366643438383234
62333032623361376638613764306538346565626562633266393261663865613631393039343664
36333562386135613833346638643964633561356661633165616634623161313135616565613233
33313563623163326436303965316662653534666236373338643163666337373636373365323031
39333362313335366333623364343565636331343865303635666238326165626333393133653565
33636333356533303064323637353462663337396330363162626232643232663231626361306663
65323339393966613539346339653037613539646262396338376537376137356131633631633134
38643563633637646638343361343334306164343666383532366662653364613466343937643261
37333333326666333663623436333232363136333762373432333764373131623130313365636563
35316562313539376663356330303632633838653137643132666239623937343039393538613066
65656366356233353833346530346230636666346434626363353439656439376232386134366361
66613764376631616132306165386137643733666333633736353433623933626230633562663562
61343366363965646234346265313336663264343738303332653334356234633537643131653235
30643437373435356236626530613734653736626331663066616438613965353361636433643330
66653739656239643633633761386130666663633361613566626162343739656161626262613331
61393634383434643765386136353662633637326130326433346366633663346561313732366265
33633733613038663034623332313733343138333238313731653630316333366138643333386131
31626364613434383535346339666362373234666565323536306161353033313233393139386433
38386233343261353762656466613162626439666562643363626334653763356463376630363935
66313833396164373237306137306535626530313233366233656439303964333664313866663361
38623466346561613137326231663532303737623165383962326434316538306330373037313337
30376335643638333230646339396133356136386533626438383931636165333463316538663434
62363662616332376363333437396462653264663363613065343464636230643333663033633139
61623230613066326664343730633838616438336466636462306237616361323766393537653337
39636561626133633534323837613964666239666238383035393831613436653030386131313561
38343339613064346661376163396135386438343263343863346632313234643061393964663736
64643861613539633861613162613033663137626431656262393730356133336265383063363361
38306330623861653636306166346466376335316238346562353264376235393732656333643166
32373766653834346130636164643565306333303137636532626264353732636361653332643231
63303033386136373034363136313237653133316430643132623330633635393831353264666438
62633334393735616662663065663738626266623966396165356661633261616366663132323430
64363666396330666566663330333663623563353236646165633639353161663166363131366534
61613035386566623265383935383535643731633562313037663363366266396437336266376661
63616133386434386437623135343535626438373333343337623431336364666133343461323834
65656364376132653537653232623937306261383938346533343966343632613638356538363935
62643033363065616161336364623534393761356232623361643734376530303962656535396336
31326135393434663437626237653435303233633339353661303063623064386664383266326534
64633061313932633166346165356638623438633834613465303935306263396134386337613230
38343532363862336336633531353138653364336364303565633766323835326664353630646239
36633431373066633235363436656538653762383133396239343439336461383130366432393737
37396262353435363439616362323063636433336633353965373865663138396532373033326632
39326332643739636163316164633639316634396261613730643161323836303836616261363062
31383964353231366233356338623064303339633939336661323431336435366565363235633034
63373664306133396131653061613535666332616331363132383831393134653139303634666262
39386665326538353766326230386235356437396534396162366263646633363231373236383132
30623261306463386339633661363665646163626337643438356239336332386434613632396539
35613262363966653461316663666336383239333338306635663137346138323138373031653762
38623439313539333430353933323664373832343633323133626236633965326162336439303033
64366662646663623939313835633531323564386662633332626338393530663334396438646538
34653432373337613437306631633063323962326236303263376233373838343437343330393666
63396630356430633761653839326339356532656433633939633934663263623666633966623832
61623030396264613666373265613237653531643765333666343338376235373265653066643733
61623666626562646161356233326433313166306331613437646439366139346433346565663564
65663365373661616532313330633436623064386564363962626238626430376635633330343133
38356539633739386337363762643965346331396430383138323463343837333439663764316435
31643834333364393166343331636531366432646432373661636564353937636338376233323135
65616662326332346433306437633963376266666338363435636166363664393566623630363036
36326235333265393637306561313236376561613561383964333835363733646234316535383838
66613633343465623330306530313434363366613336653337623662633737636362333664366362
62663963613461386139323761656639336332316364316537363238323937373232333530626361
65323132653931343832656533326565326631613239393739356338626633316561653863633532
63376433363530343661376231643764396564316565323231366337323261613238613730636531
32646231633734303435376332363565363639633139356633376631346662303563396634336666
32333531616535343231326663653965643639616237616165653433646639343033623166383535
63353230663531636236383766376536356137636238303730376330653131396232396164643830
30356331643136353639636166366634373964323761343665343932306637333362303161303939
30643666653931646435613062633662363533613063613433343835393237303961353736646638
65356139386664623834646261353334376531636132626631363165633739336232633066633434
38333362316335303163306133623862613439316462343563333435373031386438
