$ANSIBLE_VAULT;1.1;AES256
66656562623831383633656432613664363166333466316235653862623365343361393961623765
3031633431633830306531343436383565343034656164650a623731306138656133306664356666
31383136333530313636643665363237393036626539623233366664343731653432633337616130
6438343236393361360a313534323463646538363332336663643331636466386563306130343437
39393439313962336339313633656563363162666264376333333831333463373735653265336333
65613364646362623035343430346437666662323139306362636363336439333938353336613539
30386564313933653961643232633339656639303966613765323066396263616535383962643666
30373065613462373065316261353131653931633438373637333262316439373335623537623730
65653139333563376466316463666130663264643939663265626366333463333662353936323833
34613861366639383438643163303363363464323739656164386362623331346237336437323738
36376334623237343464616163323634333632333064626364643361373334396233333836643035
30343934323562333337393036343735383861316331376364363866613338636432313165326631
64653839363263383564343932633539363735626537383135313862396130616538303538616632
34626563653036386139353838323437646166336563623937653962623363313739613862383733
62313234353134396662376637323533396538353832643331386237383733356163353535303932
33393933623934643330313531626136653130663637343266306436623133306138353236666536
65643634666239613933353531396462353963356139623538346331386265313361613237613162
63376166346665373061646537383637393530376166626235363737313235373565323937343733
30626639303965333538656336356438346564373965643236373362363166363262616466306630
34346530323734336531613732363939343062346362356433633335653137613564326131313064
38346632666262643933343236393236306136386532366339366335363630623437326130366566
62626434393038653035646262613832306636636433643065343235366536356364653562316539
34326663393933663163623435626239313361346132633765323662623463616564656465306131
66666364383234303664353534613330643136303462353564623466336463343965613732636134
34633837396461613037373865353433663131353932356434353333373363366431653466333630
36643437303563666366313533333130666139396131636663346636633930613561373239653839
66396365313938653933613839363032333362663336373138386565373764386165333562626634
32313734343463393638323336656563303166616266663064383861356637646534336633636163
64373037623232323866313335353635363239633564643265363932343562386133633338656636
38393761643132353638316635633235313838383164346462353566616165623931383030386433
36636165636431313331346364353734613232633361333433623534366563643339333862363361
61393466663635323530333264363339383763636465626137336132373137313536353530336139
32343735353865346638623733343632613238306236363764316339316463323439326565326439
36383330626266306331626261356461316532353366336563333639353563363037633764313061
63323839303932363636353461666163326130326339323838366533353737346238616461376532
36393162633433666537303730383037383533633736633232376632633134623964346439613433
38396565396432623437313065666233353763313463316437313139306431396466326166623766
64613834633662383834353436363033653639613165653032623739623633313731363066316236
63316130666537613633623433366666353431613039623762356235396335366662383764633935
62623930303764643566313963646438386464393831343032303466643430363364313764346665
63386239326131313062646137643561636132363637383135653038303931616333663262306330
66623762353361653861383265613631353337633232613135643733323039363436346465366639
34366662656461643965353265663634353730616161326236303936663363346432323063633035
34663837663561313162366666336261393032623330356663643831343336313434633432623034
38303966626461373066633236316664373237623766373436363365323665373965653766336239
37333933376661653535613236356132363433363535396565633530356431313762376262306339
38343939383566653235373534373163393738363034653161663333393331306664373166343138
64336362623833383430616464326436313631386431623337343763336462326235646633613230
65613437666163653561353632303162656365306432623331616565303630373061326463343861
31343436636530313662653038333938313934383436623233383232636535313236326439326237
36356161303063623665663435353638373737643332343737393565343137306236396133383132
30306533333661613936316264616231333961326262616637396335353838343439343837623933
62383066316539656630343432633931306131633830353061613461613865613737303538626230
38663437626662386364633932313962336261326133333930393132303365626237346439636135
61633761363337336165396165363030356263643536396335373636646331316364323163316236
64383237343831383138613232323838343139666339643464646536313933313638653138356234
35353761633766376438653535323832633035346438666239396137616130396136386237396639
30613439656161653030333138396563636664346261323962303039343432353163636536353331
63623361323264613732373636636135313765613237313235663663396535353163656232356434
32346530323866386138633431623161383932376532386363363463326439373764613832313431
34346430666132653566363833353835346664366334313963323235643265316334633364363665
30373462326435363366303332363536653732396135653733613634623966636238393063613336
62646331333164666333663232326435663439326432643631363661643735306635376632663631
39363536306532653636393532393563336136316137333435666335343766626232363632643063
38373736333938376562323431626266353763666663623230333431366537326165613766663463
64613863313338663538393765353937373462323038636331386365353666653535383831363765
33373565313734373865633134643831633731616563613361363064306631653631333431343331
35613832643633313133326363633233366265306430343034323437373237613464653830393934
61303236616330656230353035633830326630643730386166666531646438643331623835623039
37346134613632353638653631326361373132656164313039316165353730313835656461653961
32623938326562613763663238366237643761613439333039346634393534393732643966326466
64363131613337623238343732323631343465376639346339346230333232313437346438653862
37636537313061306638353133666363343361613561313530373230643535313133396531323162
30323036383931636334303862373037363736626136633535613831356134363930363763366264
61663137626436626161373362646362646463373036336236646334336163353661663437353939
32316338653433653662656235616166336662616662613263313166396563306465353261656437
39336639313537353335346264633236666330396439313438336663396363323433303438383837
39616634653331366363643937343934313530306433383433646233366630316561653432316366
37313838633231343232653865396435356638373664356364663330383165386262303365663266
39616639343231396431373130313935343538323033383535643036633961313539323161376461
32373161316633643039656530613333663230663630353465303836623166363338326163353439
34646466393536616438393132376466613935313831383433323165376635626463663263306265
30643439326533303539373834656433643539623736613637313864626461653565616663623834
32336130656232616430303261343133313162653961343165363764646263313338616635646665
34356566633834613165353966396330316536363463663638353436613061366230396537326237
32363535313333666130656635353264653538616163643961313039643665313634656461376137
61363664653037616463343235343634653733343262393133316165313265623736326138343038
65666463376439663330393833396534366338653666316331373838643666613632313562633837
64633964646637383437333462643536343165643133633639333264306563633264353561643134
35376361333664303439393036386265373131376363623232376633373933363762363766633136
35613637363830376232663262376666616430353239396130373930383130633534393836343364
65623064653032613136623162326431613934663063616466383539343364643039633738636562
31616332363664386635366230383336313630316462333436333061316165623565323162613132
64643932646462393336363231656561656162326561646636353366323264343663393761333861
31656333323437323336663365303462396563616533343830643230376361633766323537373636
34646535383433316663303761616138643363396461393161303236333431353762363533303230
34386165653064356462323032626136363739323262646332356534356136333930303166626537
34353531623236353334636637643336613765373462643862323966366533323135666562396438
32643132633236643239636633663433626232313235386636623837353536353237643162306266
35623461303537343561626566336436313433313838373739633030333265303433613135323431
34666530323462316537396339353035626636623138326662343134653834636639373963373366
63346564353563323866343362633066383865396563643762653934333261313962623531623765
35313065396131656464386362373564333137376135353339326131303966336463396166306635
38333966396239363839303563313438653439366566383461343564623666343961336466306362
65653039383039626132306238326462386537383532363461616333333231376137303964383335
31356134616463653538636236623837356530323630333538373464613862333962646535326431
65396539623966336438656337383436643864363039336265353834363936343332663838343533
65343865383864663436666638363965636566396165633362326639313332336330663833383135
31623131613934336265353662303038343038363331373731396638356137313461633531666330
35346563336335656361333938343432336665626135643132343164333539376336346463326266
62353339653264663035346437323161616166383036333264643132636334353534346632396261
65636337653636323363623935623136386133316337623639646265626362336538306565623164
61396130336562306463373834643331323239316566633932663632316531306165323930616536
31373931356631343735616561633839383033653838623666663639353463663332363038313563
30656530313630316537343237636436636331613437626335633930326635336365386563663635
63656430383936353964626437393030333961303465343235646662386135653737373563623836
33336361323338316230613763323534303432386564366565616337646463616464646430353935
64653935373630343762343335353861613736643631336434303430363235313932616563376439
65333963313533363333316331306664383062366235633332313738626166616234356237303537
35333533326232323261626437343761373730303737613835326130336635366439643337323130
32376465623331303037346535373536373363393037383165353663396434663832646335623561
39316361646332663663366564663031663238313563323262336164636330663939623439373663
39616131613664346130633565393762333933313661666236313234306237646461376333386563
38376664313333313166393837306334336430633230366537363266656161636266383562636531
61396335653866343563653338613235663865636636363537386366363564343862393065313965
31393231663638646563303663363530343865623161613963643962653533373064646366346234
37666263393164653963313765303066346539353764643264623136326438373337633539633933
62373036626632386663636533646265346665346265623932353738373865336237376138306339
66363463613531323832613439626433353566633661316264326135613363633064393663663635
38303063336235363631643738646534326162393433656437303038626361623230653332613530
65306432333065306633653263383664333565396239396266333330323136353664623131353838
30616136653236616135613137653230383966346166646466393236393330316139316666373935
64323662656466643366356561663936363765346539643761386637326233333838383930393362
63613233363539336263343563313963643535633433623062623131386433386532663539323530
34383333306434393533633634623333616166353038656563653436333865313334326662363733
30316139633437366364306635366537376336626433386238326261656337363836636366623434
65646132353835633130306665636532353339343762643237366332326330333966396466666466
36353934393431633666336534383165356635313835386433386139663435323933323962346333
30373561316562643538666636323633346339343033353439323764306236376132653730636634
30333066386236343065373735666338306466363433656332643134313434636232343034643264
61653763346632356234323462353738333134663761313365396366353831376361613935656339
61636337313464316561386431353931663661623834383038653632613739373334313166373261
33646365613433356130363432323630356564386132613938643532356638306632363166333964
62313763376532646530656333303234363037376265373730363238343038646432313266353065
62393262393163383765336666656563386134383531636366646263663265373038376337353261
35363234343535303430373861393966326232376633376233633433323137636537333361646230
39643031323732373635646334366663353332663065646164306132373538383435346131353562
39623637666434633438356233633833316132623731396233316436306131626131363431356265
30303733393134396437623034653861376431383731633934346137313165363631666263316336
64653536663034343864626533353135313161633966336661313535336362623535373365633061
64653933326239313366383364626434346233383765663731343037306133346538616364396530
33386564663564653863353865383965333232346530613064646230313762313636366361323163
36656336396436653433303231613863616564343565636331316433326132376538303335656564
31643133666161383865353065316436646666303237663232336234653034393637303937616337
35363866393436623562666636363666616531656262356438343166306435323436303562613662
35373565623163373465623432363838343239633865373831376566303233633935333634366132
62343835393237356166316166363338313330336232613965626239386230366334623237623634
39346262376661636262633766383166633037353533663464653664393366633130333963336363
33313564393033386330313764373133626465393964386436623661383062613337623135333339
66623066643936636165633266326562343537366531653834343864383632356234363234356139
33383736353838653332646331393662633737336262643433616265343433306532333838303838
34663466633839363061373762643630646161353233326130326266353835386336303436613330
63666231373035313666633739323533333766353537343433396565333538303734656164653031
63323732346535613166353132653362633932373739323865356266333330623432343630386461
30313761336534663563313138366339313861636263303264336566366137616536626135616332
33326432336533633130333239373933666562663339306361653563363839623133396462353338
34306662656438383038633434356536353930383466633538636264333331326237383861373232
37653565396432663536346131653166333139316434396663393438373966303962386637383033
37353231653037303734643266393138346262346266666361366330343137353935303635626565
62626439373632623064353264663138323438373037313039616362653163643235313166363632
32393334633030353536303161343766656630666333323033376139663537623137353830623066
36663531343465303866643464646366356639333066646230643637313531363734353235653937
63323732323931343164393133356564306661323762313837666333663132653661646231646432
32336334356437623038313139303334643739396262313166396661306161303866633938333235
64633564623261383734303261396232613161343233326634653239323834393134613464626531
37333532333365613832323261333330373262373834383835343037323766306365363463616337
31353937393237373066343533663333376439633837623366616663623233316634343163393162
36313637616362376361353730383935336465366633613832303738366531303632326230353836
38306632656663623430393331313166623137323238346437613337383331646235313730636238
61356338353565363166323831623866636662613065356264633866326465313933343664313333
62636437393136376562396636343337343139333232633230663666303762643632333362613939
38356338393161656337626662386134666630356239313637336261633730323966613735376239
30623563653333643331316434316165373932376364653262396637663162373335316231616635
63633835333634373062653032663363346266346264333632353937373463616539343161343336
36353036623437643032376137633166626364353430623661633130613065383164326438633162
61316165636238373865353034336337613537663030616462316438653964393166383062633061
30333836323362643066316535643462383666336463316336356562623131376365616664643665
35386337353036653034633561626134386461643736613661346335303165643361316161613431
36643366316463306638316539633365326631313530306634333466333565666135353735303666
37323730326433306262336330353231363835356661343438333933363239626232363737633465
37373936313038333137396634333832346230653338353864356361356261383331303365633838
36386163323235633362343636376163393534633261393761656466303631653535643665663837
66393061373764313835633934613835616433376230393336396333656261343666313466386365
64313734376262333461313839303734306630336233623831376334376362666234333332666464
64653739386635616431343031666535663332653765663165376638613663326639653338353965
62303736373762623061326137393562363835613231653132633230646562616533323432303536
66376639363864353739623934633330393731373833326233636430373265356564346563616361
66656663633037333934386635666632396664366263313332393137613261373132303461663535
65326538613964633735663839326432633864633562623965326634306636623563343035613866
64663834613861323338356631306363306538373739313033653630383636303634623263303065
64616131383236633737326130653362356239626263303462623533623933613939393963623361
66663738643164316635313461343663303030623864643565313462343266663661636636386430
62336139613061613661636337353664363832333330316364636333616463303364643463303530
65643839323162663865333630616462366162663832653431623135396165613830393433373633
63353732333135373836663865373639353439626134666134326330613634383862363632393133
30383130363661383062663165316634326337353932323332363432646138636435336264663737
30356164653439316565623163376330386266616536316336373361613432653437306433303231
64343230326262353233366139363561353630383436393834383938343463313564613733646133
37653438353564613936643933336435376638636262616565666335313634393231323561363561
35613532623838643331626235373963386439323061643938623735323062613238323761333162
35343231333636633838386635326562323864306531623838656134326234306334646464663031
61343330313432663161353762303765393063626562646433343938326163306533616638343562
33623730376162613932363334633536653361306663663163646361316664373037633536373364
37343230643431653934326134366161303230663664313361653634646134386565343933633137
39386461303061613863353236323065346231666563363430316563353563613031313163306539
35393165666531373030653930656332323836366165353238656139616561323566376165636561
65613935386434303339613965633635303862333366303538313666393836346238363838326462
63613366396337366638393562623931353032613131386531383130346366613965363037396439
63323835383239663133623764336433373361386565313034663434346635613637303730326166
65303730653637373237366535386335363038363137383764653363666533353036373939323964
31386163643436626162303436316261643361343739313831346336636135656530306432623164
32316432323437666334303262323463363036373430333732376366313936666435653133343062
31386533336138386537383039383537363162306637663536623532376435366535336636356663
66393031323839383838636464356430623561623038353236346566346431316262343762613165
36386331663562393638663261316231373163326439363835326232613064393530333035656137
61323539626565346138613663396138343261373466306432356137373635383934653232393633
33663933346263373432636562646461656130343533386563636262353038306466353838633436
61646637383231383336343035393964633834386636633230653931323265646539323639386633
63363738363939656661393334366462303234653436616234333830633562353130303365646266
39336437346633353739326636363037303330316536393939343965313366323961613331343463
66343234303833373865356361373130656566386561373664376537653837313334643366613534
33663630366238383232663433663561653033363365643763323531653964336533343961616165
33656361326361396139333562646161643664353434316330616530663562616261643163393865
3232376233633330363166373333393433613363366338303433
