$ANSIBLE_VAULT;1.1;AES256
64636662653933656631613861643562383462303630303336386165643538386464303861663536
3266313137326231343765653433323839636337663530350a383531363065376461643866643964
63656365363066323937393836393833356339633262336663663763383335313335313166363166
3034396335336338360a343064646561346130643330616263323137626332363130376534656462
62643862356563306130643531373130666330393138613839386466386336636465663934323233
65626465303034366132396130363337643563363334386461363931323433323863353931333733
37383138646437626436316663643830633564613339643466363630316561383465356161396231
39643061333937643466316261616539313332303832643830336237303864646335366166306263
63613139393061306561643435366664363933663739626436616539393332366165303066613061
39373366653232326263613237653838323438316263643931323931633162383361663761316133
32346336666661326461383164626132616139393036346662643635363232343965343566626165
31396261636531633164653733643738373030633362313664623132633764626665363462333263
34306231643063353339343534313066373538613961636265343836383533313830326438393834
33653864626138363131393339303462396235363632323265393832643663626332383563363533
39393266303263613063666463326666313963393065353362353863616362366431336164303466
65393834343163613564333963353332326665303765613764366435616537356534663966613362
61653733383762663139626538633131666433646237646331326438336636363565313936373163
64623039306534623932376165303066333233303732646335643632656639613532373530626230
33346639616661336639356234346661663564623462343765393739363262376465326338343731
31316239623634633236326437633865643263316539663131383335383661613837626430643538
31353336656365333934663864313234313162383561393530393434306166613330636234616230
34386431356639373439313636313364373961666165333035383865613763316364306131663937
39626463356330626338366131313865333965616230306363303264643532633830656165373363
65666632303432386534306239646631613866316330653065343435643564643738386231373731
64363131303164323030346161366361376636333636663439366239616236626339356463313732
36393765323663393237373635383030663663386536613262303738663030363934353561653739
35656366323034616139353532333234666237636136316536333564636630316565383235626565
38383962633464376161663930353566393433326639396439323861666666386330636539376662
34356262343463643230653830303539336131353130313562623532633661303366376131303937
64386237363131613630663762626333353131386466636437653165346232663031326466326533
64623366313132353838613032383964313263666431646565613533653339323466346363626230
38396233643732343434643663343336396564663463336436313936353435613333633238336132
30633365343863653366643636363335636231646533353061366131343064386362663762353538
39316562633331356536646532623835613364396465646235613861346263643332373964383066
66646532386361626465303139666162636162393030633562313630346362636536313139383661
39646465376339346634383935623666373862366136376538343666376437393137656637616166
30633536303733333934303735376330623965383036366232626132323331613534306464373065
30393833396230366565646531633764653966656661363061326232616361323237336537663265
31633330356630373266643136363166663134306561343934303136636637353466633635323030
34343762336337633634326638326335393565363231666135613530383064393039353433303561
64316261623939663339343032656438616562626266633031356163303063666333316163333030
32623638363035396261326366363066326336623565316666353832363065333965663464613430
63613436353638333134366534666430363436636439646438643134393064616662363736323933
35623936323630643030626537656466333961303165633737643330643636383864623762366363
35373734366137333838616566323366643137656662316165646432343664353064636463643661
61313532373339633061663737363932636361643862653961376638666339633330623235626262
31346233346561663734356236383137623033346233393637316662333864356535316533306665
30303030356262326561616632363162393565653032313964353861313530303963303732353362
31303663366566306562356539386332303835653832666565333338376164326430623738386663
35303132303730386237363036633664376335333135646638333164313238633635643134313237
35613162313862306665393163653533633738643034633333323964373965653764386239633736
66633666346436353166336663383733316536353438623436383262323964313736343131313134
33313136663530346262373035393565396166376539343938343339623237663965633963303466
34393436343337626265353765396437393062633338396466633738663332393039656162356162
30646164353661333338386432636234356132343439316338343930666462623632663263333361
36653430373839626163363435376230386635653466343032356538313764656264353964363038
61373236303266623738326632396563366664393862306639383132306665303763376438623732
63393633643338626439376165643935353035333561626532613433306664343863393637353737
33656362313731303337656231363537633565356164616634313531346334376463626538333539
34643163323330623762666365366639633731663130613433303865343761363832336161396431
66393032326538323830356136616137343232613933616539376138653537316135376336613430
36653130306233383863366634623931393964373434643036316163626265633662343231303931
63616136353136373239336236323163663766383535373638396633316265393134363461303035
65316338613866343836303161626632643863333564633131666333336464323765376138303766
32396431366633393463323662376630313663326163376136663134316662336336386663656138
39636163636364393432613963613661346438393966313733393433663834333336356533616162
61393333356132333739636431303962636135306462343732386535356362383736313638376331
35306663316231333239303338356330663163366563636439643365646663613338356336643063
66356165363737653933356432396133393666323764636236353862656235393466333666306564
65306363656633616431373230396561336134303564333830613864376163323630616531636432
66376163653563356631653335303134333865343935363232643538396233393664313730653865
65353366646565636161616335333239366439363933383730353430616363363863396535316532
31656230316166306263356536313734366330303531396365333339326439396639656534616138
38396262623830653834313735623237323533383932646531313166336133303363356638326333
30396666353263663963376132663636663661356263316339623635393437393262316236363361
38306230646464663534353762663433316463353363636135366334313638656164373539333039
66343135353863663536636164636331663436343330303665326338333061366565306235323938
35303335616438336439316438303137376665623136643664666465653262376231663739313033
34376236346632336330616636623961313635313737386634326163666337306361396339666335
33306639363931626432343430633362393662316334653863613761666235666163393634303231
34656630313263373065303636356361366334386138613734316161636333386231353763333431
66323633323539363937383265366338356331393632633333306266393166313562346239656632
33306565626139346130663933653162346530336638633462396561626637346230323130616166
34616163613236336434393436313033643133383631386432323264313062613163656466353539
31393532643166343234646237666265386665643566376565353235633030323666633565313334
30353336343932336139613335633234316532393232383765666430363865326664346637613066
61353231653938313866396264396234613033313961363433643864633532373831356365396637
62353732343231386533626131643436643063623134646561623431386431616234323862333831
31326266353666626235636237356532653331636639383030623566393165393539643862666130
65653463393462303330353865366162653932663136643838333435643833623666666237353039
31306230366461303139653435656130623933643736323530393663346661363530323339636437
62373130616135653436656466396132633938663262666538316135666236326132636331383436
66366534343837653264353366663537613664333138383732393730346466376465633038396232
30643833353033323739663337313866313338633336613363646466633431613634613232623361
61653666643533626138363862353537316438306563366136396234386562393533373762316364
65303235633031613365386631373132613039336561653764306330643933623033343939323436
33653530343132656237396366346263623162353863306531333737663135316539613162336336
64303631333531343539326432313438336537323638666434313532616434663531386561376630
64303531383366663731633130633231313961303965353833326234396237396161323831633034
65323161646465646165666138376163393135323236636639636561626363306364343434313036
61653736376366353139626661393765393965303430663030373038623735313934356636636661
32356464316565373730646362613734363633353736663062626234386364663461333636343632
34333265356166363162386636323536346339373830643163376432623835363963666561356637
61313164656566383338666433343235333036393561323431306563626662386237663861623832
33643062613762373730376139376261613438346663613136363963613962643039613536363235
61366435303335323133306361613762613637623466653133396134363537323735346333353662
61333864636465386137376236636563663737333262623533383563373638636135346466316133
61643333643732613961393738633737363037613732343736643534646433616361333238336234
62623734356137626535303161646664386562646561356436353335383564383261326337613030
63336334363665646362393961343731633630613933393263616137363365356439356336333736
66306665306536383361376664393566633831303961376239653637343035303362343336633261
36653436303233623931616332383533323532613835396438393137636130663564323531653535
65396264343565393832316366643433656231666166383632313964373438336530623035383162
63666534303963393464336436353338343832313063643930366665623738366565613961333530
61363363393764663366643732643038303736366662626663663732396538656238626632383063
31646531303931643632623834613039336564636335663563613466333565356663306131306165
30303438633064383630303130353661343532386636333331323231326536343562323332343061
63663939646561626337363430366430623662663562656662323031373937383362643437383932
66313730393264623161636564613739656536663037383134333630393632333838313832386164
61653234393837386530363265353936336532383737323564396333643436316163326466666633
33313235373138363830346131626563303062333466633966666264306664626535616330363764
30613433326430343763623937316165336462343666303139643436336231376233346562636562
63663230623733393561363762383431363536336463313565633131393339646533306362663461
34336661623837303936363866386133306164383461343062356137363363663664633937653361
38343661653739666231653461323561656166646634623535623935636534343235353734363862
36626365663938653031626535306361376530306334623663316634623163323437306534313061
36626337643935386662363436343664333063333730386331613466393436363935663732653462
34343262656664363261643762316563663137323239333466383932303138396466393966626531
35303562336362666165396663346362663466626264623630336535323061613465313861613463
33616131663935346532393662653162653832636565653463336430353165663431386364373237
35353761376639303235353361633439353634666132623631636630346261663666333266666535
62646161323530626431393765653538653439343763353035386261306633383064663836346666
32633733643363313938643132373561353761326135613537333835636161323136343337353836
38663637613035353361323231386466363939316330366634656136616534386164653537663634
35363161333735306433343432323365336538363034346630616261373237343730333435626139
37396363656461626361623238653363663838646635373764623235643639323039653861373565
62656465373537383262333235396339376264393366386239643335643762386238386265643138
36376563303062653031663334613665303762303033333839353539363065383730663962626239
30353332613531653561376166306135353662633931373565623735646338316430353432323062
65613136306231633561323961373932333539646161333934646165626366383164376466663134
65623637636232393461616237663662383365616265616237373239396133646366343063363962
32316262626162386239353630306462333230306231623166613337393035643332323665643866
38653830343135326232303539656535663334613166393334333337373636333462306236633663
63653661366138346631653731666133613436316266656361666232383961383163343765366463
38643064623431323132353439303439306664633964656632343266646231303730323530373834
39613133626130626362373536353137643834333164346366393039333265396434313862326434
38646436366236326234366366353430306530313134383233633363373439656335303933376232
61323037393264666333636335616438373136653737363331626166306535383539653965316363
34633066643062366566396330396361383631666231613336636237643763666362663036653334
65656132393338333732353537363162656136353734353238313136333431363664636463386334
30386465363933393363623231323935623262373764623566633066663562343032653535343238
33306436373537306565643661623834353466616631316266346432636236363766303234393539
32306366323235336133343166323532306265343436336138313935626566346266356564343765
39393561323434386336383464343566333962633664636364356131376236343039303862626435
65386663353265643139636163333737363763376263663665386239383730386239306535333634
31643466303035396230666538633336396138653136306233363463313839353935326231323666
34393862306363393461353563326634356134663432626237313533356130396638623763396663
38396133376238383632633661336264653937396130623334326531386636666463656465666536
61386232656634326130313765363535616162633162313063313334313036373531646661346162
64343838343033373864343165303530633139636130356665333737363139633661633663376562
39643039626464633462323237663261363561383166333061303465313437636365353964643937
34303532313834383965376566646130316634323064623566353430643233643734646566323064
30356364333763393762636163613334326565613965396564396663616630313632383038613365
33336635633762663662333136653431363235653333386231343765333439343064653765343864
32656532376663336534313133666531386366373432333831643338616565346562666366333634
35323439316139326132626362386166373933373761333931376539383966363861393038666238
61666234623136333564313930643537656262353833363536643837613131643238626261666563
30663233623363643265356136623233623331396335303530346331666563373863663063383430
38333037323836376665343031326561646135356563386465626532643762623935366534336164
39633465323166626233613235616333343435353765316331346231663866396330663131373266
66306236343532376332616135306538613962646262363937333634396464386264373731396561
36333038333233373031323131343433653163643635343633303562653161653061326133323434
66623631663431616464663465613531316161653334353632373737363132633635396630346436
32353039386664656135346336366332316465383636633962383763386438643536623833613862
61633431633836386639643935366139393233316561356465386361636137346664353465303662
34333061663763643735653732633962303938386230336663353733326238313732373561656334
64306136363761626634653838653736306238663332346666353338623761646664633837383334
36386261333363636462323035356335663331363437306363643465313639663033376538636431
65636266383662633237336466636532366632633833613761626437326264643666613935623133
37353064613264613731366663336564396238343831616138346233646534373134663137343062
32376130376533613239306163383262326439326364396464313132643734353461306638346561
61313739663964306466636663633432383836363961616430616265306230623761646166356135
66653638353032653935366232326564383230613234323335653530393364626261626335343935
36373562363939396436393334313733323664396438656664346135663038383036303635396633
32336139653339383936356133373263303637306331613834616363356463373530656466393536
37356337323639386565623530393837336365323236376462623562396464336634313130306434
32323538353364333033613135653462616436633265393833616634376466336334653936666263
36643962613664373332323130623031386432343731613965623432336432303166306362626561
32366263663165333136323965666131653539343532386262346538366634303636386339633266
39363863396263313763303137333831653065323566653730396462323333346261326563393135
62373464313933656134393162613735633333306364333239323837303865386334306137306533
37313861643639303137306131396465323931656332613435336639643734333366663430313762
62613965316361376231633337366166393366353962313132656535366262666262333566333331
35643365363034386333626665303232376165396366376238656238313033346366653264343365
63313666626136393832646164343533383337613163343932613461663135333631663463323239
32373862373931333634613635306534363133306535643431313236336637356134623336313039
65393732323066636332313264363434656432303930663565366166373838336431336131626466
34323234356234373233623332663432623732366637643130326133376335373764383361633730
38663266633437346633386462333037643138373639316161393361343039636436663566623033
33633930363563623764383162393066666262616335643137616531643134363237663934653139
37316236316362656362636362626561393732663561653462663837346163343835656162343131
62386465333832653832613230653465343331353734373634633961393038663164393363623134
34393632653531303233646263386632316536363762623763396530316430326563363362323063
62373337643736393062353062366431616566343037313732633038373133346163393138633137
30636334303932633832666630626231376237333938383037326230333361633336663434343636
38643935656263633337653530306637386639303431346565653234333732323361386562363135
61376337373139396136633837653861653863613239306332303837633538333934613133323164
36333736653434353764363835356561313366633532393030356234386338666339633362363064
30613732393637383661313565306563656631656530643232643665353433306265306263323432
62653839383962623235623837313539386338653536623736383961353435653938303864396365
65626562336231346231626434646538383537633262393931346266346135313336656438323662
66656534346334636362386437346431396432623236663638343336336635383930363736306661
34373632613965343265346630333238626331653865353433653864303738636632663537646361
66623762663535633435613134653037376139663636623839333361313461346561346163636565
36666237303234343633636637383166623365333633616264333064663130316530643261646362
63353031346265383965333434356462313231663238653163663832363738356662376630623333
38343836303533363066633563363334396635386535326466333761643538343935623366323363
33306638346363376363656265663163303961376537666664363331326263316437373864313037
66643130666235646233393166316362663438643034363934663638613561396239663431386562
65663735396164626166363765356662313039646566643934326434653263326638363630333739
61646465303235353637396563303936383832346235303961316166326361306266663736383734
33386635613734323533383161313034656136373935643735393264303235366137393739396362
37313637363939383331333761383933336264383730393538386239323266323336303634326266
63353132303539356532343065653566666134376565383635646530363532363634323532316137
62373166313564333934633764383130393531393732616432323135343565623565353062636632
66393835383838346630616664656161633363393434353765376130633966373837376236623938
32633332396330613464303435623161323366643866323863336266666335623638383235643032
35363362356230343038306532636234306137313234613561393362343230616337643266323734
64616633646565303737363466336537636263376231316332393434363463306366323833393865
64343563633630366662646632633232393630613066396530383539313536653665653861333065
32303236633530313235613336636531613034343366626164613737653766336636326131336333
61376332636438363132
