$ANSIBLE_VAULT;1.1;AES256
62396363373130343761613730646237306136326331626263666561653466353132326463396130
3734383165643833393962623536313164373135623864650a663063333836353636303861396665
30396464333733356462366635666662333462393534636162396563303166363531373737623362
6434353265323734350a633366653734323937306662633665326134383165353364356665323035
30323536633636653563333432636238633431656366383262326161353566656565343033323136
31366239643435313436333136383263366665343439363730383964663364626333666139623562
36353830326238303866383632313332353565386531656430316466663034363663303935626165
32626135303538376138306565643630326138383065313539626462323732613830633831646463
32653935343862643233356462356136383931616235303533616237323263343239383431313931
39306464306433636435613537393464333937383730623839633063633830326136373563323534
31653464656430343637613436333638333136366632346361666431346538316564316166313736
30366530626331366139363263616263376663376564306532346136663662383666346466303632
65313364383764313933396663663163383862383138386434393430623831313066396232626237
36653162626637316139323036313163646662663539303862303939336466356231656435653137
65633635363463666562323039653733303735633161343362393736363132613935313162306337
38316363326635653434316164323066663633656565653862383163356565363636626633373137
32323066643562356264393732343566373835336261386562656131306566303862613430626339
65643630613966643638633732316231393665313633393861613766356165666439396239663930
35653532303235373031326430313163353937396335643366636334386433326636653634396234
34353430393134333365313061663837383565393462666362306530626565663730646238306636
62346136303863613766666533373137663165333732373066376537643366616132376134353435
35333130663263393639663862336531346663373138613934643965623033323961363333353961
61616633643564363434663663633435346339313931383361643665343163666464633362393432
32643161646632613763316265346631613466336636663131643764363732313237383536613162
32353762626131623366656631643564636331623535383061393262626363393763643037623332
61306137343836616161306534656439363230656238366564656231653466646262373531613364
35626638316632393663623935643237643966353935376436636661656435616337343737356262
61306633646666313734386436303062326465623331666132653733343332623036303637383663
38626339376431636161326164666562376334646531386635353136633430663865623365646630
65333962376632643834623365666363333066313434613939356438326366393332356563353761
34306237326664663661333636363833653862346237373861333366336161633930346236613732
33616663303336303966653937656132353066383835616333643330343233353963353464633131
36393132643962353838346437376665323037346363363762373864653335393334303839313535
66343937383335646166373530363435653366643064343332616338613939373562373137656232
34303536353633373633336162623435343236373533336563373733653065373938383162653736
31636562656531393461323333313966303366356630623439313636313065343861363366633437
62623863326462626235353535393264336164346263393365666364383536646634386364316131
36313739363331336262663261323035373266613564333634666464373436653465373938316531
65303630613165373037373233613264303762313538613765326465396663656364663338306539
66376336313930626362363539656561353232393534393833653765316438333433313364306566
33373038626162663431663464356262373235316562383238303433323763316363356266376534
39333731373134623664383333633537376432376334646233313164653032343732353735386366
34636462346131303362666566303364336630316630346466313539656365623164333939313266
61636261613836366330663231306563356630663339393264373563306662343635363261613031
63373434636330336138396437323066323963383564396234353931626666376238303637653839
35663638653635343065323537623364396130306164303433646462663564353563333566383363
34636332316361643266656131643130666237613331383639333466626466306463376431373564
62633139363433353637626134323930376339326135333237376430653538356462303838376464
63303963656539363339633737643733663237376230653364366336326663623533336432643062
32376262333334383562636664366532323336333339343931333866343961363965636634656630
34653839663361366663353235346236336138346133633039636330346333393461363765346661
34376231396430343530626266646165636464376466653336656133336439323130346331623932
36353036316333343931643566306637383464613534633563343465643532656666353061323561
37616131326436376333323537666133653330323234643637343166316439626538666539343862
61666234356164333639653765343065613132613339323161336565323637323935653538313062
34633761383731303562353765393965656661643161373866306530633934663332303165636463
33653233613038336563383561353061346231663062393731333566653031346532323265616531
32636162643161306463356338626364366131303763363931646335373164323834376138393430
36626138363436346562626530623937636639626339323133376532636262666239393466353537
39666362313161353038353962633739643835613962326564313033333639633638393437366237
32336537343465363935623335343539613839653265616562303334393832303266326438326433
38643762633231323766643731666666613438316238383263623162323665643534633730653463
65343565303835633330663133623961643066633234333962323961376634343533346638666366
36646639333733353564363564613666666561326164333064633564663061383066313733363162
65623039373763393639636662333366313663333237653131336164326364396163386138653239
36623436633337303930613631396330303239636366346534363439626431373461393735333038
34643563656134353366313935323733346133366465316337393134353565343139643937643435
38323161316338373035373964323634386530336635323837613561623762653536313463396632
32353432313966336439353061633335303530313134633638633161303336303639323835656135
63346636383931626563373833636361623636306332373366383563656431393931363063393437
37383266303533306436306539373633653933656633646262356139316364343432346535343433
65316466653462643437396664323463616230646635376463376266313761396332373936303836
61376637643366633263393231626466386130376431316334306463393536373636313565393934
32366165356531316163393036383765336539366336633962613563306432393963613731613363
62663339633935623135343237306631386331633837386239313534656264336533393532333034
61623533646538373339613761613963616237626430303939653737656139353534383763663639
61396332616232396235386530356663343133396361306164653563356166653463613161303833
37373833633131306233306666393134373663386464613561306565613338363062623931663261
32386561306536336230396335306336666465663232376536313863633362333964333963346331
37633761616464646139303039366162633733313733643238343535653039613034626331653237
61323638646434366362353638356638643565353132323332303531333030316161306631333232
30383966366163383461333437346265376333356364366162306262343262356663626466663539
34653164353261616265316339303433383265333834353939343239346265626230346466383633
36613830316162393833353532313438616364626432316266326332386330366137316363363533
65616562313061636638363563356331656434363536363163636663376136633862653433393439
65343031353130666638363536333636333533383363386539313436666239356363646232346336
33633263616436643338306463643735323839373534373634303233373930363830656435343935
64653937356236323130616236303662306437383532623139336666353130313930613430383566
34386231666131666639326564373438396162333332346134666163393731623330656562623835
34323034626666393832306162623263643063623863353664303934346264313833376233323536
38383763363339363537626161313535326136343663323831613734363666623966613236643339
33626566326337616437373638613763313938316161656361316465316439316463616337613639
34633130316236653965313433653961386663386134383164646564616462396136623339326265
34353365343064373865393738323932333037353331353534636261313062303764363166383932
30396539653137313537636565336363353431393832316531643661646563623762663462336538
30306264636265656565666462383639616264656231366462626465333633656161663033663032
66623538376433326361303538306663366231636330353765303265393061303833346366353036
62663030383635326631643166646463343862613364343862343336323432653937313563326430
33613432396435383963626664633833663639323665653661346238376431666630666639643736
36306537666633313132653665643666343936623038313666383463643361616238373530306239
31373835643735653734386465376632343337373336643233316338356239383037613232356638
38663330323364323165396636303734356638306130616639636462323837653362646639343431
31643965323231326639663462613962346461363261326564666161333738663637393831623339
34623037363566323562653838363432353361663639303137366462366161623335646636623437
31653034653763316162613861396365656635616133623935373535353738363264316366353762
61343438346230356462353730626233383161343361393632383831626566356432393135613737
33333331636131643038343866306434636265373062343430656165323839363564383435336535
37313135386162633538303532643038636463306437316337626535353465623433386238313066
30313665643461313532653038323134333464303363626265336637643339643831313739386665
32396231323939343339656630386238373336353731313132376235366262623431323830323035
39643463386133323334643738373064323661633966303833336432656530353730303238613231
32653730373931306361316266376332643839613462313032366133383137396530323535623733
61636563666534383938616232353933376238646238656332623238613733336430343737353332
66373762633634333966393066623837386261623264323863316433366261366530663438343466
35356232303933373465373435653036663932306562633836386532663366636133623335396235
38376135323632623531353166323665636539393130393434663731636433333333663638643362
64656134363364383130333665346135613030366335323263393239346563373262613634663839
32636231323739303366383265326365653261396231383832623134366264343963303738353836
31383430623230666161613839646137373962346663626466663635386264666430396231626336
62316638323438646332353263316533303162616338343365616166363439633636323234356138
34343032363838376233366633653239643865363238613332613836326661366164303664363839
35323432646662343632346632326235333530376437303830326531616132616638333837356337
63323736303364383566633063323734613963333030336136663138636633613261383764333738
65346130343738333462373031393430313763383536366362353832623831356631633933323133
35623535323937663736353036393865653730353431623862376537316539623237343063326466
39343930643264613535643933663138386333386661633732353737363539356561376237313935
37326335326632336534343965313961613364616534623333643035373531393836366265653036
32373730366434393536303234393765373765313964343664613637633437653263313532343937
38623165633437373339616266613035666638323862333538366365303031333332333763396266
39316436653534346130323739663662313965326332336534353236366564353162336361613438
37643334663363333466363032633361336532653664653565346138383333663166643630393765
61313463363631316463336432643132663831373363383561303833646634613261616131383064
38366630633232383663646565353434663661626162383138356135636463356133353266303464
36343835303330323739623265333761333662313838343262363536383462383638323436663533
66366138333732346438626638633261343835633231656131656232653832333537326139346661
33653536376637373936613263333137653935343834623738373666633132623739376165386535
62353735343735383435333037313234393663383833383432363962386130396334373665356266
33643164663137653130343735313562633330363437313166343134303763656632393632353035
33343665633830653736383638336433373436643034646632643331353334326665383266343630
64373431366663623330623032643166316666646233313361643732313265656662636632656330
64383431393034353932353032383135326336316265623934373966623135343764316163613662
64326631316539633766336130626637313436393735373866303961303966333435323437656664
64336637643461616536633664396436626535373732623333633239333731343632393065376238
35643566316566393739376364316231356135353538376232613333643465393563343338613666
62636334613561316536386637343538373139303736376531366365633433363330646539356665
61383664316261343135303633623463343537363638616537626130343633323930393162353261
36343961626439376132653036623439313833353535323837326365643635393361643138656236
30336161613637636437636262313465353739303134363131626661623335316162623238666432
35643332366534386432383231306339373965666538396435616338373338383436363336626261
62653530646663313739633961653232313130336630336461396564346336396361383538623331
38636430383335316466373934623136356566343465356439653261646634393537316266383939
37353061383539353734356461336233366165346561646532616531393865636132626461626465
62363265646263643336323662636634363038386365626434323631613930343563373063613634
35663330313131333233643165333338666436343736336461333132653062373937653537363032
62643438623232363133653465643236313933393462316366333365356539313337363533616139
33373035323362303234383334343532313265373961373637633561666230333862656438623838
62383761346535623333366263346166353734646365353332626138396632363132613638346435
36383431326166373335636565323361643365396664653030343966643631643630346436633434
64353762313533623364386535303737306530376663643436313064643037303366626431626464
31646135363361323165393035383632666564353535363832353666393965616265306631333165
61373566303439373266653462343435363034633638636665653036623139316135393864383233
38653237616232363966396332653261333164333463336339636630623337626238316430326461
35613362353439353763613735303165306261346133376133343532623036363537626531376662
66656632353237376132643339653437346137333335636133343462333530666538346564333231
35633366643837313465333130656162383465363361303938653165336134366139303066663938
35316435326363366634306630636131356564653565316336356265336638626131373035626637
61313130636638663037363365356663643535623165373036663363353864306161323065303635
64323862633431643132396531653330663134616532653736306632663933383366303233386132
35646235633964353663353735656265613663336164353638303165653032643663363530313931
31346535623462343165393562333862633936336538643464316132383532303437346237383137
33613936633035303633353635376436633665666561616133383734633831393730383566326162
64636532303361376663343932306535316231663534303336613238373132366636306234383935
38393330643163613165373338373738353336376637623364653336663335636137336366306166
38623039353362653663643563343361323037626162326333623835643163346466373831623338
34356562303337616432306164626438303539653738316662373862366234623139366265663235
34636362613234653636353133643232336130616635393739336539623366343562643134643834
34613366343935333164363362336233303364363030303439613032343136663138646134343434
34623166336662656438653737646231323636326365636566303333323565633964663839343239
66303161613136363563316237333861613865666137396131346163646136666635383131636564
34393035353036316534353337666334356464623534626333633661373737666639346462356135
33623739363332623532356638646261356432623163643238373366343538646435353833326631
61663239383939616162623664313939303833313538366563666435623763643963373663333633
39373435626563633538613863303835313233613534653465646132623632353665366436363364
66633934626165383333646166646166383762306665393831353634396162613633613533303834
65633165363662396630373564313166623035633933373537393132393435666235623038313165
63623661343832663066613161623932666536373564623336653230373239653235353234663039
62313463653336383935383962363330663133316439366666663939656234303563326232393137
36616464653164613364633138343736383865636633366230643839623439663033343539653333
30303761333330373831666632333838343636623963623035313331323335356538366663353764
66366233336639353832613638626431636634653763373231616536346665633766386636666134
64393432633466363561636134313033666366323762363630626439313238353835613736623830
35636634323233333939343731376332366564303331383630623038666130333438643766653066
33313330323730646561303832666138356263616135323330326438623631623832396133636534
37346437386462353565646634366433623732383365376431373335386265373564336338353938
39373431313266393464616330383362656536356539323263653336366263356130393065623865
62383863663037313332393433383637613730343661376639343134393535343131386338306665
63356636363739393434383662313965393932383533396335333062616264376364353435316164
37373135636566633330636663336664393134653835666630323132316263346432393735626132
30323031306337663361363837303532633866363633353138353962353434373163373030343166
64633335613466656132353965613531383463383438343363326537396434656661306434353662
61353362366234343331353530663133646466326134393433386638323832616236633331656432
33376566333633393931643637353365656435333066336266326164303238393136366232373634
62386330366561623639616334643832303637393935333035663533383462326339343031306334
30616361376563303639373033356430326464333738363334393863316138643331373630383566
39393736646433653464613664633264303863363236643133366534626563616338646466633630
65326366353265383062316464663063373661373930613832343037313963393533336664383464
63353966323931386532313339656531653161333163633830333262376231336538303231613434
38356238396638373564636364333833373331616361623762633139653230343435616233326137
30323835306532323139303231316632613737616665323264383132303132373932363339386430
39656234356464636566616234303530653864636332373963666330333061383135376364636434
66613535396563306230323530366365656631353633316336323334363430663439393364646331
65316130323261396233313433356465313339643666353333373637666235333430623639346338
63336130393037363237393463333732313466663939323938366565356639313462346638613737
33323536633432336333393235636332633066303238333635613338666365366432356335373238
62663236313939613037646232643263323364393462336339323963663166373530333565316537
62313332363131393830313636333363653436626465326538373437666137356162623234323835
32666337666134316566636562633863373036613764356135613633363764623366363936646161
32396366353866326537326137386132613430353865653538346266633535663561393439346335
32323034343262616130386237613134666631353732303736336330376637313238663764333535
34383633323434363838303763623031303962363637343963343834646563646438306236383465
34643564623239633630316164653962323837646366623430363465666165656236633038346338
65613666663134313965613565373466373761656334323632326266623063356564313838343132
37326136353363306464303439656662616134633936343663366631613334396635623132393433
65636330663239356339366331333762313263383662356461616331633864666331623561646265
38346162643737393262356165613133636364613539613833313435623864333931336636373961
63316639623463636466633661646635333730383738356536386232366164623462316635613335
63646362656332306536373362663832303364303332383830353463666330346338363531656235
39326139363565303839333363323866643935396136353862396161363963663465366339313466
36363765373065376137383965303035306565366132396439343537633439633861623338383466
33343133396431653132643134343431373331306630613833643134373463613066636332383930
633632323362373864626261643031643532
