$ANSIBLE_VAULT;1.1;AES256
35646363323362386164303865376431356537326266313936356234353730393534616135333565
6231653765626566306238353166633530383339366134660a633233663632386162333764626231
61366263366665613334316534373561343033333962306562333832373239343361363932663438
3064363562623034660a636136393434303936646362313737656661646631356463663530333066
63346465393866666666653037376232343537653634653138393233666430636435353031383435
31303363613133623162303633316164353735396164343236623636326564323661343264626332
32666333366538353463383030663135356461363137646331336235343634616466353334653334
33613663326362363961666435393634373536626235633964666562316336313931396633646464
34613733616237636461306238353030333362613434396332663562633363306164306563353361
33353938313937353436396135323536643732643430393539383139336430653164303931396163
63663763383039366663653134356163363562396266366564643562666135363135633635663761
30616333303137393065623166393837653533616431633535393964316239396237643135346432
62643164303138383436646430303232336362643838353062306131303562643538313265343630
33363966336363313035663934326462373237313364356263373865366638653733656132626665
39386436383932633234316639633561646135396239336634643862393165663561663439393562
35646136356232653539393033396635333435343539353234303465326363313163353065643830
61313735303136623464653833393039636162306365623732313839366430366666363733646261
64373235356632393634666562656631386430336663323038646461373034326638393131663432
35313135363162633864616338333837383661323730353634643563323465363066366332373434
31653630616138633166393262306163336162313337343532353638366136633465353966386365
63373533336337396539643132383139653139393063623762313534376232626630373761333838
30303231663337333564653239303565373239336433396461643239666230623662633962643632
36313439343064393534303765353035643436643537373532633238316137646565393936623861
61633838323235636434303666616365373239353265613331623065373661643266313361623262
63323864656164346463323138633166356162623465373463343163316237666334326539623938
66323263613861323665366366383565653835333861346330656638326163386265383266636462
64333161373537363361343562616564383139613739393131343032303366633534333230303463
38356664353530363138383837663537316334613662306634316639353738623536336265323034
66393832623064393533346364306663356538313732386266376465623332396261396161343139
61336138373939633633366363303831653437666265633735333339643639633930383465366431
35626162353563323862373432313461653363383339303530616466346264376530363237313330
35383632363836326561633232653239613433366231396666356661643132363334303363666533
64323763393435633234393331303263333333333332303165356563323334323739396137666537
36336534316235356431646434653036643865366663303061616164306264643630663237636535
32636637386362366231323236613964643634386564653532343531636631316465356665383437
33366338366438326239656435353239393132383733356534326266626637656463306639303232
65656635626264363936643836663235316137373032363062623762363339386262623562353232
66316663663064373432353365343762646434616364623839346163633264653230376163636331
66633638663362653931346530666362333063333963626433393731326531666430666661343066
34663063633837633433336234336464303732306433313962366130333432373531393163373630
34613061666236663964363535646334633535353533666162363130323737623463333331396262
64353834353237656235343166666264333032653335323565323538353036333333393531303533
66633738363539353138666537353234393265663737346330353235646264393130646262353365
65353337313237343537343433613132633831643438626439303039353563363162666433386230
33626337613638613662613538353132616462313366363966313134653235313264343632613466
32346431303233343035313132363834393936343132643235356133313332386463633766393238
37626563633132353633383331333864666561306235656230336536633062323964363037356232
34336232346461383935656630643933623037646561316337353163613465386132626362623231
63373861653035363163376562613533313935656139323037383635643165616662613439376266
36313263396136643465616339653364366630383832363130323639663262663632623533643531
32396530343064353030323339623561396633306263663964366239643263643664333564313538
33306661623033313262623236616362393063353862386264643562633566313234666662393934
32613964323239313961613865616166363634623332356464663232656632383161376366623137
30656639323235353836626538623337383733653765326434396238653930313337383865376631
66313665663163326234396362306639356438323838663461356239333766316665396538613639
61656461623330396265663563393735326562353663333737626537333732313663653161396238
62393932636131303936386135633065633931386334383634376335383366393738613762343037
36623962616333613462306662373837386166313963346163303163643963363561313462343234
31326464383265613262626437633735363331383430373837346534376438623335386232633931
65363363376663623131623261383638353564643761346238393830313436633730633363316539
64326365653632643036643963343830356435643835636465623463653035306638323733386266
32643865313936643638663164316238396665333238623130316162656461383836653835613162
34633064666262643762383830316538633864343863656337633939633861316262356632663462
39373439303264356364303033663337326162336339323563313062313134323162623766306461
61373234393166653732623333653738613564376336306364616161616233623037346239633330
37323830623565633635633562356362623033306332656661643134343061393565386166616333
32646263333264376365356235373239613232383934633335326364323561303566363762653962
62653836366535646463303164373434653964306266656365633832313632623134386436373233
32656466643937343861303539646331623266336139353039363433663865626135656263356638
35643639643131333236303964373065333065393737313839333431643263383733326333343235
36333239336661383562306365323237373135623465333638336430346665626636623632336266
33633566336636623534396638623236373034353438393561626232303134393130666139366338
65383464653531643236623465303938633362303137353839306436313064316236623664616462
32313136626631373430316339663165323337373735343836393064356134623634306432633134
64323331333562366262646162353538383664653937653361323931313565333639343666313562
64656637643030363231353231666236633839643730393432323637393061323037333134323736
33393733303436636264303733626361626563353966306535356234376133633666373236663037
35373562386437396133383036653331656533336339616561396537366136336163313766646639
33363436353532356239616563313862653536333832396631346638636362636234343932333834
35613763313933346564666365336464656163643739396430643563333632666437666135663763
32643734363137633432616338366236356538346336326634313665373666643539653039313031
66366239366634346336383565336561616137623464343664663833666532323034653136663635
37633163346661386161623235643539663864323737323938326631663432333233363536656534
31626138373066623538306134666266656261333064663736653866343835326366663639323364
30393461663632376530623933616139643064616661613633333064323639613036383365373861
39663835383063326630616431616630313361313234333739613534643465626563316235633262
64353063396334303330626362366238663962313765333831303439383062626230643637623865
39613936353230313335393162643765316330663932633933323933383362363037393464303231
35336262613730326239656566623265633039373738386364343265346261316632663634323230
30646231313735366463623830393462356464316532386666666238633437373862303561323633
36393732303563383062623362376434663633663663626338313862336364376239383132333835
61346666396234346331373933313630356663303962633832363637646564353661366636323464
66616635656665336336326630366465383732643535653032613437346538316536336339313066
63333233653938343436633236663766323537323761326338376662623263373365376335646236
38373839646239666335633438633265363066633965333331643264363137376638303561653766
33643465366231636162356234613161366166343434646531613163656132366264386236393032
35666431333936623733393563613633306133393035356430333635616461396664396666373166
64616439333634313362656434323935383834396337643863316534343934343062343964346531
37376631353663346339343431303736646635623833323038646663653030316531343430353331
37316665366466333038623538316530336166333064623861306165643764306261633537393332
65643262326162383439346537366463363765336531313630666537633435613662326330313838
32623231343664633661373066653238633733633634373061663634323734636231623037636530
32373136313039643964643961386264393263383933613565643864656137666564303432633561
63326139653762613934326638303461353362323131393736313737663862353866336234376535
37613763643631303838646439613733353562353639383033353765633161633535623832316665
30613666376535386231613662313937383130353237666662396261663962333463323737633436
33393234656363353434623864653165626264373031633639663866393334393866356165386365
36353233643933316336313466653337313865323939323837313066383139303461316631356332
65616334643434306663326265626363333566313932663537353138386264626532346335313964
66383762346264316463396666653439613133623464643633363132323133613238656163616333
66386432663161656339636238336631663231373335643666356136346531383234643266663762
63333938636138353466626261393434643534396635396638663835333731646133383534363838
38383564646532316633666339316265323663383534616362396132633331313739653631636431
37353138663831336164346535363036616163373637386162376239623439653062396162333938
63346464346134363734323136363861656161343164636436303734326263313135396564316536
30653436643362333465333266646338376330356661326666353563613431356531353037633563
32643537623163333935366132393135643464333566396231346334393136666166663439363965
32353338353064666263363539303338636234366131313265356233306464643531646563383137
62613032616564373032613837313639346139386231636439356331326338613064363233306365
34623135653664353836393533616661626637313535396139373365383834386535343264663431
30336630343261656461316438396130346365393264303263306264636238326166306433633666
39376436666539383339646232636239643633383662346438323438393637376335343632653134
61316234653963333862363138316261396564386563363439333239326264303732666238333235
32613062636266656630653338363235666439626139313362353164623932376139666562623831
62313732633730343432333834363064636136333262636439633565343536633735626639613436
30316462336135343064383437643731316436316339353831633037396337383636653265613435
31383361363630636134323666653561346438636236376430393561393738646535393136646661
30613436313936633265633833333135616134613664663166333334306338613766613862346662
65326366306262383664333438663830396566623738323632323138396432383436393036353137
63353961373266396234633335613064363437616563653631373764383438613631333232373861
31376535346636613636336632623439303035663536636162396135376161646239633864343765
62396336363564373736343635353937666463306165313563626135616465373038326133323437
61333231623036656431313064343330356230636130623435653265393636653332393633303037
39363131666464353865386336663437623030633661303133383631643632626264356539333965
30316534383865343437633565323831313335323964616431633232663430666439623638366361
34396662383861336637383164653737363366336563323232643366396138303765343832333439
31656632613763656334613832626566643830663263316132356662346131646238663332633732
64363266303534616136656332643430376462346236383062383466313764363233346164663539
63336564373132396162623935653862663335373439643864633430313038356566346138653635
66356362313138386166303637323137353738623634616539363663633436616165343966316661
65646530636361383139633363346439366232323665663037623461353266303361646366353130
36626566623434633831393631633538613837656438353236326662313266303633626332646335
66353232646261393332653431366261336330643437643238393565373864353732343862386139
32343265306631383864363663656636386638636630326139633963396464373835633735343139
63386664343163616336306633386438336463303163363866633364383761333764333664313532
65356164353063636564613635323962323531643035353335333866373338663963656631306161
64303165343431376466313331383637633561323962376134346663396637346237643439356163
39626134643137633363663332323836363663353161336461303435386536306135323465346633
61653136643661336261323133616638383165663331366238393038383962643235396430653765
37373739386339323731323163376437313531316665316462363761623762633762626533346438
61656464353065333262356333376634343765313230303038303634613938323935386535333933
34383435666563386666653639613439613437313266396163316131383532336237346630373339
34643134373864303636343133636337376137323436386639373839663934386565633963373863
38613564663930386234653238353264643265346165363536353336376266626632393437656461
33396465343235316236393364626361383333363736616535366661316232303463623533613961
39313939636537663063623635303333663065633263356161396435323762643962633734343035
31383635396361623530373261363338633331393432376166353365616165333762633734623563
33386662313331383961623837373363303964623836353039316566633730316232303432353431
38656538626264333466333334323836306165316539613266313537313331623935626535356637
32346335646464623634363838613630613037616539643461333636643365323866363764373163
66313139316162613933376332333838393833393364326165626465343164386531663331323438
39653866353561373439616462346231336430303137336434663937366433653639653462313133
33653138613635643933616436373831326136653064336564356231623233633638366461646363
35323032396634383635616230383535373561636563613139346537353162323561373338323066
31326165663662376462373463383932313731386638636261633131313433373539373132383866
31306635636461613334613234386236316631666563613334323066336631303932366332333064
64646530626438376366656663656230343530353731633436376637373362666337353638303965
66336237613833396661313761663035643030333266663364366564386661333132303239386436
61313062356431343061626634323936353563633832633139623134383932303832346636346462
34353037323463336435356234666662343335323632643264393364313464323536333432343165
30323462656537663339656634333963393237633762613062663337356239313238633339303839
39643366613530663338656264643565656137373836643064393361623034623234323633326532
35623463633634303236333437626137396165626662393933653334303662306334316532393065
32343163366464643337656161656438356437333033346636633561613833366338383131326136
64376632386330333937666661346535306565613432386135626135613434323730383464613135
63336664306234336531313564393538343765346137356662613536393865333033663930323235
61336637363162383833646161306538613339616530643265323164396337643839656363333738
30623932646339626265336635313936393032373731386264653665333432646136333236303932
30646231343938613031343266346262636631396532666237396130616638616539653132383633
39376235346532336539393665323662346431363161653132643735383965353665633433343164
62363333383634633937666163383737386165663536376363643564623536626361323066326238
30343935383866343366303164613039363263326333313530343830626264656432373664316132
32363238623161383930346562393339343363303966393032613230643838396463346631373630
31353236386438633261656363383136346161323263313961383062626134303839643362343562
34353639636337663239613664383830613765336533643232383739383432323834623862613161
63396465383132366561633639646238653562303465393830323133313235613330366630623663
61323966393030366535613264366464333366303036383631646633656435356364633066323133
37626265333738643435666561373334356631623861306263323565393438323939343635376139
64343638343864366361306561336337346333336536623935356331626464363061663237666635
66353161396266643933363134653662656461313030646562386633323037323032363363636263
30383133383765613831326637613833343461346561656566643963306562333335363362646434
30316136653630313065636532363736633661323435373730636436313835646436373734326231
66353264306662666134613631333934366233333666353265333834386437646635336133343365
39363764363233633935623333333331316464633337316364643066373565656535323937613030
61333661386236646666626632656363346131346337626236373461646230346265383866363464
38666262356632313133636465653534316663613462383062376463663662323239346663643933
65636465306336663233386334646339363062376430383331326232303964326562623864353734
38653135396430623062653563653638613232353639633665396366303533383865353933336230
37373563363935656364666566393633306531373663653736366139376166663436623833316463
38656163343062343739323334376134346436613738663034346132366463653664316364666338
35623134653138303037653338313736373665633563333065656163346138653365333930323264
33316536333538386635633632336564396336313535363331363332636165393939393565313436
65313566303933663862373939663262383963353132353163303865363066363539386562316136
64623762356630323838376465313537353237616530353932613865393363393866626436333761
34663035663535386662373430393233323465623461363032633563313736346165623961316561
36633762313832636637333466353761353632663862636666333737643836623466396165313462
62376261316637613863363732633038623731386137333565323738653237323039663634336538
61326133383161313031313861353337383139623966666631646531613731336336643632383761
35653665613966356138323634633132666634343734333530376162656133626161616133363363
62653364303064306266633164336434626432666661383361383137653936636236313230366631
39336261363930353239383866363337346338363861616439343932356433396230626238313764
38393934623238303234326263383062303964383338653135636338353036343635653234663130
61336134323733343336373133663562373364626637376634306335653939633862303263646634
31623166323533663762386632646636383038383733303538666265643966653537636139653135
37353964383938366633656138666236653033343837383733373637633331353839343262316365
33356337663535383038633764353163333666653461666262363639623730316333376564306332
33393966636266346230663463666461303038616234343561666432376433356132323931353935
32663130393436616539333666656165333331393938633434333663623631383566333635613539
65313365653561333333366138366639353631373336643361386639643863623632313238393034
65363533623534373364646265623063393930346466663333663033316632653365666466393961
34353766623333383735613634333364633932626331613162643631653236393534313130343332
35373964363331623736346636326539343339623037353138623166316165666332343064396165
31323862336235643136383132323232336161333031633434316461303764613465313839376662
61323738613034626435656433363039356130313162663561656564366366373030396235386235
31383138373363393835373831306333383330366561373264356266646334623462383864616566
63363865313731633764666338333536386132383733333431303766363232666236316331343962
66303464633263333539333534303637323231616233653937386636306136353539336338663738
63333736343331336163376536663265353137353265613732623735303231386662386463336439
37386139323637613665363432353363383763336337393861376331333438613961613764366365
66396362646462356536373734353231373539623333663365613337356339643963633565653730
66656137343830333633343736653635343030306134363037616136613535613337396666303236
32336237373061663833326132303939313166336539306130633462653331363634353335303834
6338
