$ANSIBLE_VAULT;1.1;AES256
36303531396266646138616636326439616638363137366236313261313438636263313634393463
6365623738613930323631333738656535386239353632650a323266363665383665373034333463
36386537636665323162323130353865313035636331656534303933356563653339333435306430
3835643030663366350a333561383034646339343937303561663138316430613736656636393566
65313437636161643564336330313630333335646132396533363666373863323664366664323639
36393236376137643139643836633234646334376462366164366236636234383433623365623630
63653235643630363930383437396532393162653539623163343863346464313838333263633461
32663863303935353664303663356136363732623236363930313066643063646137356563636265
32663531306436343064363666323362373734396235326363633361653565353066396535303937
33376331333330366236366530363865643666633966633961336231663037376537353764613561
31346534346436303066643131376437646235616637363534616364336261353165613539363264
32666463326632383862336262353562323838326664323531336361646333643264356666306135
38656632633533303530303862663065383265353835323730383465613631363263353962373730
37323331613162646366333363396332323537346465393866616262366162323665363634623437
65353735373532306337623261623338323239623537303764323135323466303939333262336366
39396330373331393131306462366334366465313165363731626165396338656161396634393138
32353862316361383463623031356635366436623338623231643639333435353265353665636335
64386632306439353838336165386465653130303537663962393830353530666131316663363438
32643465323632326136336530306131303164353933323637316533373938393166366138613834
36666335373335323062626265633433653932303033613263643539343766633831656461383335
30323066373235323933333562306338643466336530663130613034653437306633663864326362
62316231333530633534383563313332613162323731333530346666313263383137316565623438
33323133613035663761623135373834393762363961373635636232303863336632646331376364
36623734373036343764613432383837356363653530323865666233306566323336333534623936
37666235366365393932616166626637636431356561383035663337613938636135653464363831
33333262326262303639613665376666343230613861643237616630636262376462663261326563
30616366346632393861366138323761363539626536646230633638666539343634623237663330
36303435663337306462346630343134653261316132313833623730633366373637333766343262
65613833653839653937383533366332333733393661376330373037316664623936383730353135
31336661336366626336643566653562363562613062623531316437313038343564333430323531
33373862623162313164396633333034643963636466383535633632346131613932383266643636
63326437373837633465333165313239303063356363333237663036386432356264643161383535
38353833666330646434323439343031303532316332346562386336316162376334656162316665
34663864326338376539653963666234613166343962636165383037333761376632346335646533
34396538633431353963336663366638396361383033373632393166343637653135363262383130
65393937346534363639373466613932376130633530666233653530333164633931306430643266
37316438393463363735363034626238366531656665353932656366636339316634616562366133
32393437303961626462363233353563653439396161376465323939383963383731386635366439
34666531366565386139366131343239363162386634376163306666363632626365663532353033
35326365396237333834366435313036313434663932306264316465333466656534376134653737
30633732646130303537613963653362396262383264383535333833643533373363643639613366
62396131616462366634616564656239336636323130316361643030383166326164653265336332
66363835353831643736313965623637633562646339333461306131386139363438653839613332
37643665616439313964636131386632306163653334663331663166393937376534343330333037
30633038393030316330666366616365353331626435353634313833663536613033346230333838
66326633313130336339336238306432643538373531363565626633346265356166383762623832
37343434336661383061333433663332633230646137356635663364666637336166343635363066
61656663313131376461343130353661653764316235313733323666663138653366316336623463
64336265633566356135333731613037333139366261623036636661646238316633636539366663
33376333343335386162616536656162343035373361623238653863656230613435616665356164
65316338633837333235343162353639373763336539313536316434313135326261336365343839
38383337333036393532306438613061343033333565303062613538373437303864303661366139
61383361393737313636636333383730643435313235303135336666373265343962303461353430
35316338613363313134373430663136386235323261636633326139633735386339313665336463
38356435616664636339373838356331663837353835653537313338343733646261326130393764
63306666303765633532626664363130353264653666363566353362646535323534323236313261
39313362366238613731643961383931376533633466666134383866643733616636653639636637
30663537356538303338343335633065666462326138396565666163626464336230616431613432
36353766373363343834333534333562383631353138353830333638306237363636633339643662
30663031343466366630356536396338646263623738346266376237383462643132636333333664
31643439356532333165346361316664326238313331383839366162383938666437616138386661
32356437626466356339313232666338626437626335306235666366363331316232376139376264
37653864326261613934393932376163646530303465643332653363323934353535333937333663
31646663326164343661323966343263343862353032633536393964663432396332313939333833
66333537363133663861656664313238396138383034613161613538383134663662616164646565
38623064383539363736323331613861633239623461313361616437343531333036333738666139
63373136343939613339393531383430303939323131393039666437666266613533656438633866
64373330616363306562326364343862643039376539653837616563373436653636373165383661
62633564386233356631613630636132376662323763656564666265613232613838316335306266
65623866396430636435613865366666363432393935613066376336393237393937663461613635
37313233643934323835313661653638613834623032643032373739616230643730393338383134
33353161383932633736623431336665363734323766383037623939646531383064373832633533
61616635623234306234356134396438383262303138653730623432323133623762346539313134
64393537373236623433323664333031623066323139333664613132666462303632623335663435
61326633643465626430626163376538656230323333623836383262616539323962363065303963
36376133313638666164656634303835363565333239313266396136666661396635333536653632
62663637303138346431613536343938653431336162396338343734623032666135303835363466
63383366623239383162633663356530363862656339666638303732626632373138306461393034
64343336643431333935343030616330343063323032323237386439306631306263373266393132
37333132663537343430396433626339663832623164666135373136353465343335343038343339
64643837346365376434646539363338323233376139643264616135323364663361653633323766
64333431383234356464326631396336663430663431326439313066643166626339363863393735
32643538613666633866366663633366663665616530336462363737636664373932393265663365
34346635356233303935656662613239336335353631366535336136386334363233353638663831
65663163396162303937386335353264373232336462643334333638643733376439393861626263
37613731333138363166383266366564313031653833303938616630663536383330396330653038
30633663346265633762636266323838326139373834346636363434623030346435666364623965
63643831343662343232643738656162356432353861633662353339653433666338633739656163
64303335323964303333613834356633363533636233326364356662303438363161373662313433
39613764656233396634626661613234376161613337323736633962643361356166626165653132
37613966613130643566643338306264653361376462336637366633366262383465366536616233
62333032656334666330646261613030333236393633323166376164626465633961613439643238
66376130306635656338333464373264633532303736343864333232643538393037396339373966
65373931356136323737393231323762306364656562653364666562353266626138383531666130
36613965306564623536386464663439336634343636376531663765373464373831386166666633
30646330643365363565633137633630663333653438306163653330623337383630663433356634
65323833306233363235343635326233373037316137663334393434616338653865323930613234
36663563636361633231376231333037666562356532666463353333666438306464383934306439
62663466623965373438646563373433343536396632323139326531366238303165656239653735
30393530626337643437633466356661376535363465326135366334626330306265346139613339
61616161393334363261303164376634333030353762333034396338386565613864386264396335
31313035666434356331353434393166353539336337306539333931303438343530303864353333
62356166373438653039636235623261363233356136393566306664616466346261616438646234
33663334663337366362323731306431366534316431346438613431666432626566643732363661
34646264373263653931623237393566306535303037623363373065653331306332356632383030
34323733343761666636383331636637396339663562393135353466306661653964323131623265
62393434636563333266343631353531303235393964323733343531633364653033376161643935
32656337616138326335393039393635613264646238303263373339366364656666323066653737
62386462383935313932653663336662356432653939383463636237613966356236303039376262
36333363366439623238353836366539366662646261313363323535623661393663336230313439
65653765303536623565643866653462313964643763636563346365386535663766653834616131
65366533616465616134633331646663383535326432626561636663663130393161616235393634
63306233313965666334313365386234373365313035343034656631396535623136653463343431
36313438633163346239346130623038323061323964363839363530613431626439316530343539
31346338653235316662383965323936383136373534383564383766306565323665306666393261
35643034363537636637666630396636623035373662613632353062333034663663326264633365
36636665363233646631393763656565326431616338616237656634336538376234653030633737
34343062353934356535626663353861376662396531313665383733396435343730366662653164
62353662373630383239383536333533386161613164393036376437363830636538323261316633
64653937373236613732633130383435386233393665643862613637323435623466353665306166
34326139363962396263626538613833323865333366363338623635633762653338323633396163
37313464653930646233373161646239666163643730653262363962303930316331393764376639
64373537623736373063663137373864666164383431366232303137636139353061363531386331
30323162356463623034366436346365356634346561616231376538366564386665633637386232
64653466353333643863383166623935653964313436353438613464366566646363376235303561
36616331313364336362623565653133643163346234303936383336343461666534656663643434
66326462656263653330386664633631366637656334643231616364356135366633343065393831
38306538393933363466643738653733613438313863353330643838646637623531353631383533
34336463656330623831383861623233323835643662386437313832323032366639393533363663
33393064333862373236303164376365383436366465646336663333393665323235376233663363
64643637623362663534363835323030623734303533663964623261643337626139316161613739
63653263346534383966326532316462316233613263323736336338346430633533343163353465
63356562616363393432393636376236326132343639343135356137313737326330343134366662
37663962373435343662636230656332626266376366303838393162336233643062363764633663
31363461316432613431653465366633303865323331346366393064623131653162326234646237
32396335366336333764356231316237663163316237666663366537376434313963656230363862
34373134393738383761363337636234623434343866663762616339656432363263653563653532
61613061366435306635616431646566633762633565636436323434333031633439313262376365
37353763646633303362313935306334376661333231383137613762323461636531663334653266
65343130643134636530653734383733333337373164623964303032633831366362363234396434
62316333336632366435346134646635613937653933323366656664393662343865353935623231
62383061653266666238646132616264343962613837623732343331666631643130386331616365
38643939623930613034643433646530656233643664623834666639616165396236616432316635
39633365346334643031393564373233626230636665333032373336353964643337303666366565
36376234303935613434663730653763326635633864346634386431343833393764656332653434
63643562623665643262303666633235633366656434373535313136353233636634383762383366
39353933373535383365333839353637353935666634616664363232613636343435326138313633
61646631313731353364326339623265613034623465346562643730323231383162373964353366
64366139663537353065323736346332323862366639653565363036633530383433376132323864
63616238303331663733616432613534616565666161366434623735326333633231613739306639
39356337626334343236316264383839616664313034333231396562306632373463376330376137
36353338393235376638396338333562646330363963666562636239336338636262393231356337
61373932373666636431366333323639373633333866633636353735613033636333643838666137
34323031646333336561316637383962316464366238663131666434623464373962626432373434
64623736383764303736313465343535396330336266396336613466623634666634326265336530
62646138626233306231313838343634303665646664346466343734653462313533353763383833
34653536356633303864343733323463643235363265623737316365306436343835313365636332
33373430353262343631646331653866333265653764343934666561303864663762343536356433
63623531663635623538353062343031343532313761363865356463396239316335636134616131
36653965613030613134323364333463313338616636663366353732396462373430626162626663
65623163663662396566336631653138663238613734636535653031306532323439383139623135
39646331393764613063393434663739616563306439623832613562343163346336663432343165
38646464353763353835653532323032306664363163623464333234366661613965383166393234
63643964333233616366653732643037653966373737616534623564396238333232623834363532
66366461373931646232643336316663613439313063343832626632363066323138396536633431
63663034333730326566313834306130343938313466383233616465626636353239353363396333
39613661373435616535333032313039653831316464643239653038323862303637336137373139
65366131366435336331313530373337336334333430363531623236646630626139666632323735
64663038623933343263616166373433326539313831326639623363323634363733333464646562
66336465666163313233393265633133323530626165653435666537623636383831343831333664
39373665666337343331333061373439636134306436313038333234383364306336653638613461
38653232643864313161646432326338393861643762346238623832383163663537316462326632
31353263626633373263363362663263323538343832653233653564633037363665616362343763
61666533623162613734303030343363393833663065363866353737613065373336323766663935
39633263303235363037633634353565383236353164353732346563336536323833626434643531
38336662666430646636346330643336313266313465323932333337663761313032623933616465
36323132363836333463356236333934653834396636323663333832643739663031386236646131
63373832666337313962306137326639383761366538616164653331323434306533633466653336
62396237656437323738656330663736383533643334353866636135346230386639666335323162
63626465636264343633623063383839306433306436383361616131636566613137373134326238
36366362373339343838643634343834356139633365373837613661613338333337343539396330
38343964363132366531306333633132373463366635343232356331356531386136346635323665
30653736313032323465383333393531323764353135336631373136396430343866656139316234
65653338326562623765363534613464323232316138666333303734303065363835333339303163
62643638323133666161356135373866363230343931353364376536656435643632376638343332
37626261633032306134383566626363363961626339353863373337306139613235383631393963
62666462353666376630303263323034323231616266383733646131393964646231626365393032
64346132363561383065386539383733666132343735323234643833326165633839366662333533
64666632313039666436623761366438303563396632616565323431343539326137393461623162
35663333636164633936333665313663626639363639303031333035343966326134623033376364
65653166623033343561376164323535393035633634333832336661396464633961393764656264
38376630326436623634316138326331346163336165346238663234396438616562303162613764
63646437633764383434383431316234306138346661366535306466373331623031373833313533
61636139356164386330636366383035633263366336343665616637336633313037643031636661
66653938626531636462396639313136393632303162376231366337333134643637333662366262
63643931396433643637613331356530316261346237636135303838303062323035323762333965
34386639633933663061646435666563373262656462373634623435383231333230646165383732
35333032663465643433363031383732626230383337636632316262633038316438646237396263
66626465656338343631383837663035336636656433383935623739663864396133653961323461
30393262353665633531313431663038663537633035393331646235613835356466626163326134
31613633343032333232646462333030333065303834626265616463623934396433383166323063
64653638313733373932333662333766363966323735383230376266656438303466336533303037
33653132343937616164653433393030613365326639636563336536386464353238336431666364
38376431313963326437643339653232366431303336346336336634383666316630613431653435
31363338663861313534653636643931623638616631613761356263353631653563656263626533
36346431636133623839356366356662303133663436313533663537306430663837386239366165
33313930363765353636303764333366636338343963353831316663383833663633643835373961
61343336363266356237643737636566343538303134376361313561343965623833326362396466
34663961316236353064353766653231613663303831353736383831333638323931383962323136
32383365306431333561396433316135656137383464666166636161643165393436353239306166
30313039643364336437633964323537613538623738313664383539343933303865316462646365
30356538303335353131353964393739303561373531326133666632366339653964636536363264
35373466376462353866343564653337373739333130626164643038643561653934613936333362
39356233656234663664383433356339656337333362396636633338636266303136323136356436
32383932326635633636366436333734623732636163633065313632363865613538656232616261
36323562316132366137353138656431653265616636613933346337633062366234616664373561
62663663356531383230326462376461623863623664653663393139656561613964383661393535
61343830396137303665383164353430313031376532326564353330653066656430306638393261
36303235346533643432326134353738303238396232363232613833313039323832373461386232
39643236396134303336343666303961373834666665393030333861633265366233363739386166
34643464616466623662326631363863343034363765396339396437396266613331643230663663
36326439653237306237386531353637383962316238333139613364343766363966623966303232
34373831633636343937663334386637633639663337626437633835613763346463306533346534
32383036656237613939353839373164633764646639646466663961386333656338666332643133
61326165383965633438316533316531323562393139336461373231366333313939323031313433
35373761323262333263373432316465636138666166643266316430393832323562353366623665
61616235303630383139323036623964343865376262333331373230306165383135353933623866
36336465613732376333646261386266383035363066643533643763313830376330323365663336
65333136326339663565383630303361656165353633623065633330313238653136303261613430
36646132303161623631366361323338306362353838613365303237623638663161336265393265
323764663135323433653434613965666239
